data/empa/KE0001G.20220101000000.20220727090000.uv_abs.ozone.air.1y.1h.KE02L_TEI49C_no58106318.KE02L_uv_abs.lev2.nas
76 1001
Njiru, David
KE02L, Kenya Meteorological Department, KMD, Mt. Kenya GAW Station, P.O. Box 192, , 10400, Nanyuki, Kenya
Steinbacher, Martin
GAW-WDCRG
1 1
2022 01 01 2022 07 27
0.041667
days from file reference point
5
1 1 1 1 1
9999.999999 999.99 9.999 999.99 9.999
end_time of measurement, days from the file reference point
ozone, nmol/mol, Statistics=arithmetic mean, Measurement uncertainty=1 nmol/mol, Measurement uncertainty expl.=includes statistical uncertainty of individual sample and calibration uncertainty
numflag ozone, no unit, Statistics=arithmetic mean, Measurement uncertainty=1 nmol/mol, Measurement uncertainty expl.=includes statistical uncertainty of individual sample and calibration uncertainty
ozone, nmol/mol, Statistics=stddev
numflag ozone, no unit, Statistics=stddev
0
57
Data definition:              EBAS_1.1
Set type code:                TU
Timezone:                     UTC
File name:                    KE0001G.20220101000000.20220727090000.uv_abs.ozone.air.1y.1h.KE02L_TEI49C_no58106318.KE02L_uv_abs.lev2.nas
Startdate:                    20220101000000
Revision date:                20220727090000
Version:                      1
Version description:          initial revision, manually inspected
Statistics:                   arithmetic mean
Data level:                   2
Period code:                  1y
Resolution code:              1h
Sample duration:              1h
Orig. time res.:              1mn
Station code:                 KE0001G
Platform code:                KE0001S
Station name:                 Mt. Kenya
Station GAW type:             G
Station setting:              Mountain
Station WMO region:           1
Station land use:             Grassland
Station latitude:             -0.0622
Station longitude:            37.2972
Station altitude:             3678.0m
Station WDCA-ID:              GAWAKE_MKN
Station GAW-ID:               MKN
Station GAW-Name:             Mt. Kenya
Component:                    ozone
Unit:                         nmol/mol
Matrix:                       air
Instrument type:              uv_abs
Laboratory code:              KE02L
Instrument name:              TEI49C_no58106318
Instrument manufacturer:      Thermo
Instrument model:             49C
Instrument serial number:     58106318
Method ref:                   KE02L_uv_abs
Standard method:              SOP=GAW_209(2013)
Inlet type:                   Hat or hood
Inlet description:            inlet approx. 1.7 m above the cabin and 4.5 m above the ground and is permanently flushed by a high volume pump; residence times is below 10 s; sample air is taken from the manifold through a 1.5 m, 4 mm diameter teflon tubing at a flow rate of 2 lpm.
Inlet tube material:          Teflon
Maintenance description:      inlet filter (47 mm teflon filter (5 micron)) changed every 2 months
Flow rate:                    2 l/min
Detection limit:              1 nmol/mol
Absorption cross section:     1.1476E-17 cm2
QA1 measure ID:               WCC Empa Site Audit
QA1 measure description:      on-site comparison with travelling standard (Thermo Scientific 49i-PS #1171430027) with traceability to a Standard Reference Photometer (SRP)
QA1 date:                     20191213
QA1 outcome:                  pass
QA1 bias:                     0.5 nmol/mol
QA1 variability:              1.0 nmol/mol
Humidity/temperature control: None
Originator:                   Njiru, David, njimdv@gmail.com, Kenya Meteorological Department, KMD, Mt Kenya GAW Station, P. O. Box 30259,, 00100, Nairobi GPO, Kenya
Submitter:                    Steinbacher, Martin, martin.steinbacher@empa.ch, Swiss Federal Laboratories for Materials Science and Technology, Empa, Air Pollution/Environmental Technology, Ueberlandstrasse 129,, CH-8600, Duebendorf, Switzerland
Acknowledgement:              Request acknowledgement details from data originator
Comment:                      no comments
starttime	endtime	o3	flag_o3	o3std	flag_o3std
[from data line 2334]
196.134642	196.176309	 33.29	0.000	  0.71	0.000
196.218676	196.260342	 32.99	0.000	  0.73	0.000
196.302709	196.344376	 32.33	0.000	  0.68	0.000
196.386743	196.428410	 31.44	0.000	  0.59	0.000
196.470777	196.512443	 31.63	0.000	  0.53	0.000
196.554810	196.596477	 31.91	0.000	  0.47	0.000
196.638844	196.680511	 30.76	0.000	  0.50	0.000
196.722878	196.764544	 29.53	0.000	  0.90	0.000
196.806912	196.848578	 28.94	0.000	  0.69	0.000
196.890945	196.932612	 28.60	0.000	  0.76	0.000
196.974979	197.016646	 27.27	0.000	  1.56	0.000
197.059013	197.100679	 28.88	0.000	  0.62	0.000
197.143046	197.184713	 29.62	0.000	  0.57	0.000
197.227080	197.268747	 30.65	0.000	  0.78	0.000
197.311114	197.352780	 34.88	0.000	  1.69	0.000
197.395147	197.436814	 42.14	0.000	  2.33	0.000
197.479181	197.520848	 43.60	0.000	  1.11	0.000
197.563215	197.604881	 43.73	0.000	  1.03	0.000
197.647248	197.688915	 43.05	0.000	  0.66	0.000
197.731282	197.772949	 42.95	0.000	  0.50	0.000
197.815316	197.856983	 41.95	0.000	  0.75	0.000
197.899350	197.941016	 38.82	0.000	  1.13	0.000
197.983383	198.025050	 36.05	0.000	  1.22	0.000
198.067417	198.109084	 32.72	0.000	  0.68	0.000
198.151451	198.193117	 31.48	0.000	  0.39	0.000
198.235484	198.277151	 33.98	0.000	  2.19	0.000
198.319518	198.361185	 33.68	0.000	  3.32	0.000
198.403552	198.445218	 30.87	0.000	  0.52	0.000
198.487585	198.529252	 31.10	0.000	  0.55	0.000
198.571619	198.613286	 31.16	0.000	  0.57	0.000
198.655653	198.697319	 30.56	0.000	  0.41	0.000
198.739686	198.781353	 29.58	0.000	  0.43	0.000
198.823720	198.865387	 30.23	0.000	  0.48	0.000
198.907754	198.949421	 28.94	0.000	  1.04	0.000
198.991788	199.033454	 36.46	0.000	  1.30	0.000
199.075821	199.117488	 32.97	0.000	  0.69	0.000
199.159855	199.201522	 30.48	0.000	  1.37	0.000
199.243889	199.285555	 30.29	0.000	  0.55	0.000
199.327922	199.369589	 30.23	0.000	  0.36	0.000
199.411956	199.453623	 29.11	0.000	  0.67	0.000
199.495990	199.537656	 27.96	0.000	  0.99	0.000
199.580023	199.621690	 28.88	0.000	  1.00	0.000
199.664057	199.705724	 28.77	0.000	  0.81	0.000
199.748091	199.789757	 27.88	0.000	  0.64	0.000
199.832124	199.873791	 27.39	0.000	  0.57	0.000
199.916158	199.957825	 28.77	0.000	  0.74	0.000
200.000192	200.041859	 29.21	0.000	  0.56	0.000
200.084226	200.125892	 28.52	0.000	  0.45	0.000
200.168259	200.209926	 27.93	0.000	  0.45	0.000
200.252293	200.293960	 28.08	0.000	  0.52	0.000
200.336327	200.377993	 29.21	0.000	  0.48	0.000
200.420360	200.462027	 29.96	0.000	  0.71	0.000
200.504394	200.546061	 30.16	0.000	  0.61	0.000
200.588428	200.630094	 28.47	0.000	  1.02	0.000
200.672461	200.714128	 29.47	0.000	  0.93	0.000
200.756495	200.798162	 30.86	0.000	  0.74	0.000
200.840529	200.882195	 29.84	0.000	  0.61	0.000
200.924563	200.966229	 28.40	0.000	  0.36	0.000
201.008596	201.050263	 28.00	0.000	  0.74	0.000
201.092630	201.134297	 28.50	0.000	  1.04	0.000
201.176664	201.218330	 26.38	0.000	  1.19	0.000
201.260697	201.302364	 26.70	0.000	  0.43	0.000
201.344731	201.386398	 26.57	0.000	  0.57	0.000
201.428765	201.470431	 25.86	0.000	  0.38	0.000
201.512798	201.554465	 26.31	0.000	  1.46	0.000
201.596832	201.638499	 29.59	0.000	  2.22	0.000
201.680866	201.722532	 32.10	0.000	  0.74	0.000
201.764899	201.806566	 32.85	0.000	  1.53	0.000
201.848933	201.890600	 32.24	0.000	  1.19	0.000
201.932967	201.974634	 26.80	0.000	  0.62	0.000
202.017001	202.058667	 28.09	0.000	  0.35	0.000
202.101034	202.142701	 27.38	0.000	  0.68	0.000
202.185068	202.226735	 26.99	0.000	  0.50	0.000
202.269102	202.310768	 28.02	0.000	  0.51	0.000
202.353135	202.394802	 27.55	0.000	  0.40	0.000
202.437169	202.478836	 27.38	0.000	  0.43	0.000
202.521203	202.562869	 27.56	0.000	  0.51	0.000
202.605236	202.646903	 27.67	0.000	  0.81	0.000
202.689270	202.730937	 28.30	0.000	  0.39	0.000
202.773304	202.814970	 28.61	0.000	  0.49	0.000
202.857337	202.899004	 27.89	0.000	  0.53	0.000
202.941371	202.983038	 27.60	0.000	  0.47	0.000
203.025405	203.067072	 26.60	0.000	  0.39	0.000
203.109439	203.151105	 26.32	0.000	  0.85	0.000
203.193472	203.235139	 25.87	0.000	  0.68	0.000
203.277506	203.319173	 26.82	0.000	  0.67	0.000
203.361540	203.403206	 25.75	0.000	  0.75	0.000
203.445573	203.487240	 25.85	0.000	  0.23	0.000
203.529607	203.571274	 26.22	0.000	  0.38	0.000
203.613641	203.655307	 27.20	0.000	  0.96	0.000
203.697674	203.739341	 28.06	0.000	  0.64	0.000
203.781708	203.823375	 28.02	0.000	  0.71	0.000
203.865742	203.907408	 30.04	0.000	  0.90	0.000
203.949775	203.991442	 31.62	0.000	  1.19	0.000
204.033809	204.075476	 33.32	0.000	  0.53	0.000
204.117843	204.159510	 33.29	0.000	  0.48	0.000
204.201877	204.243543	 29.55	0.000	  2.69	0.000
204.285910	204.327577	 29.17	0.000	  0.83	0.000
204.369944	204.411611	 31.06	0.000	  0.73	0.000
204.453978	204.495644	 31.26	0.000	  0.34	0.000
204.538011	204.579678	 30.58	0.000	  0.85	0.000
204.622045	204.663712	 30.89	0.000	  1.33	0.000
204.706079	204.747745	 32.02	0.000	  1.35	0.000
204.790112	204.831779	 32.93	0.000	  1.22	0.000
204.874146	204.915813	 30.87	0.000	  1.02	0.000
204.958180	204.999846	 29.86	0.000	  1.48	0.000
205.042214	205.083880	 29.40	0.000	  2.10	0.000
205.126247	205.167914	 27.71	0.000	  1.83	0.000
205.210281	205.251948	 30.56	0.000	  1.16	0.000
205.294315	205.335981	 31.96	0.000	  1.39	0.000
205.378348	205.420015	 31.88	0.000	  0.99	0.000
205.462382	205.504049	 30.30	0.000	  2.16	0.000
205.546416	205.588082	 30.35	0.000	  1.63	0.000
205.630449	205.672116	 31.30	0.000	  1.59	0.000
205.714483	205.756150	 29.60	0.000	  1.64	0.000
205.798517	205.840183	 30.42	0.000	  1.30	0.000
205.882550	205.924217	 29.03	0.000	  0.96	0.000
205.966584	206.008251	 29.86	0.000	  2.00	0.000
206.050618	206.092285	 27.48	0.000	  0.78	0.000
206.134652	206.176318	 26.47	0.000	  1.27	0.000
206.218685	206.260352	 27.77	0.000	  1.02	0.000
206.302719	206.344386	 27.55	0.000	  0.50	0.000
206.386753	206.428419	 28.78	0.000	  1.11	0.000
206.470786	206.512453	 32.25	0.000	  1.53	0.000
206.554820	206.596487	 35.25	0.000	  0.98	0.000
206.638854	206.680520	 35.41	0.000	  1.40	0.000
206.722887	206.764554	 36.41	0.000	  1.64	0.000
206.806921	206.848588	 34.86	0.000	  1.53	0.000
206.890955	206.932621	 36.00	0.000	  1.79	0.000
206.974988	207.016655	 33.73	0.000	  2.12	0.000
207.059022	207.100689	 35.02	0.000	  1.19	0.000
207.143056	207.184723	 32.92	0.000	  0.69	0.000
207.227090	207.268756	 33.28	0.000	  1.27	0.000
207.311123	207.352790	 32.88	0.000	  1.79	0.000
207.395157	207.436824	 33.56	0.000	  1.72	0.000
207.479191	207.520857	 34.38	0.000	  2.04	0.000
207.563224	207.604891	 32.41	0.000	  1.49	0.000
207.647258	207.688925	 31.03	0.000	  0.47	0.000
207.731292	207.772958	 32.91	0.000	  1.26	0.000
207.815325	207.856992	 32.06	0.000	  0.84	0.000
207.899359	207.941026	 32.97	0.000	  1.15	0.000
207.983393	208.025059	 32.92	0.000	  1.91	0.000
208.067427	208.109093	 34.69	0.000	  1.82	0.000
208.151460	208.193127	 33.15	0.000	  0.76	0.000
208.235494	208.277161	 33.02	0.000	  0.72	0.000
208.319528	208.361194	 31.45	0.000	  1.67	0.000
208.403561	208.445228	 31.55	0.000	  1.25	0.000
208.487595	208.529262	 32.67	0.000	  0.79	0.000
208.571629	208.613295	 32.71	0.000	  0.99	0.000
208.655662	208.697329	 31.14	0.000	  0.93	0.000
208.739696	208.781363	 31.97	0.000	  0.56	0.000
208.823730	208.865396	 32.09	0.000	  1.89	0.000
208.907763	208.949430	 32.20	0.000	  3.31	0.000
208.991797	209.033464	 26.77	0.000	  1.67	0.000
209.075831	209.117498	 32.35	0.000	  3.29	0.000
209.159865	209.201531	 34.10	0.000	  1.16	0.000
209.243898	209.285565	 32.97	0.000	  0.94	0.000
209.327932	209.369599	 31.08	0.000	  0.96	0.000
209.411966	209.453632	 29.79	0.000	  0.94	0.000
209.495999	209.537666	 28.85	0.000	  1.53	0.000
209.580033	209.621700	 27.13	0.000	  1.86	0.000
209.664067	209.705733	 31.92	0.000	  5.70	0.000
209.748100	209.789767	 40.20	0.000	  1.40	0.000
209.832134	209.873801	 41.79	0.000	  1.56	0.000
209.916168	209.957834	 41.33	0.000	  1.34	0.000
210.000201	210.041868	 37.92	0.000	  1.92	0.000
210.084235	210.125902	 31.31	0.000	  0.93	0.000
210.168269	210.209936	 29.71	0.000	  0.72	0.000
210.252303	210.293969	 29.41	0.000	  0.62	0.000
210.336336	210.378003	 29.90	0.000	  1.07	0.000
210.420370	210.462037	 31.97	0.000	  1.26	0.000
210.504404	210.546070	 31.21	0.000	  1.07	0.000
210.588437	210.630104	 30.93	0.000	  0.75	0.000
210.672471	210.714138	 30.59	0.000	  0.83	0.000
210.756505	210.798171	 32.15	0.000	  0.74	0.000
210.840538	210.882205	 31.92	0.000	  0.76	0.000
210.924572	210.966239	 33.12	0.000	  2.32	0.000
211.008606	211.050272	 30.97	0.000	  2.02	0.000
211.092639	211.134306	 33.97	0.000	  1.05	0.000
211.176673	211.218340	 32.62	0.000	  1.86	0.000
211.260707	211.302374	 30.79	0.000	  1.55	0.000
211.344741	211.386407	 30.84	0.000	  1.18	0.000
211.428774	211.470441	 31.92	0.000	  0.75	0.000
211.512808	211.554475	 32.05	0.000	  1.33	0.000
211.596842	211.638508	 32.82	0.000	  0.83	0.000
211.680875	211.722542	 32.61	0.000	  0.84	0.000
211.764909	211.806576	 29.29	0.000	  0.86	0.000
211.848943	211.890609	 30.07	0.000	  0.76	0.000
211.932976	211.974643	 28.99	0.000	  0.50	0.000
212.017010	212.058677	 28.51	0.000	  0.34	0.000
212.101044	212.142710	 27.75	0.000	  0.74	0.000
212.185078	212.226744	 29.76	0.000	  0.70	0.000
212.269111	212.310778	 28.12	0.000	  1.96	0.000
212.353145	212.394812	 26.50	0.000	  1.70	0.000
212.437179	212.478845	 29.27	0.000	  0.65	0.000
212.521212	212.562879	 29.53	0.000	  0.57	0.000
212.605246	212.646913	 29.85	0.000	  0.71	0.000
212.689280	212.730946	 30.92	0.000	  0.88	0.000
212.773313	212.814980	 30.85	0.000	  1.33	0.000
212.857347	212.899014	 28.41	0.000	  1.22	0.000
212.941381	212.983047	 28.96	0.000	  1.13	0.000
213.025414	213.067081	 30.82	0.000	  1.37	0.000
213.109448	213.151115	 30.90	0.000	  1.30	0.000
213.193482	213.235149	 31.31	0.000	  1.29	0.000
213.277516	213.319182	 30.88	0.000	  0.68	0.000
213.361549	213.403216	 30.89	0.000	  0.62	0.000
213.445583	213.487250	 29.41	0.000	  1.10	0.000
213.529617	213.571283	 29.09	0.000	  1.11	0.000
213.613650	213.655317	 28.98	0.000	  0.64	0.000
213.697684	213.739351	 28.69	0.000	  0.92	0.000
213.781718	213.823384	 29.37	0.000	  0.80	0.000
213.865751	213.907418	 29.53	0.000	  0.87	0.000
213.949785	213.991452	 28.83	0.000	  0.98	0.000
214.033819	214.075485	 28.73	0.000	  1.05	0.000
214.117852	214.159519	 28.39	0.000	  1.30	0.000
214.201886	214.243553	 27.48	0.000	  0.96	0.000
214.285920	214.327587	 26.81	0.000	  1.19	0.000
214.369954	214.411620	 25.01	0.000	  0.63	0.000
214.453987	214.495654	 26.40	0.000	  1.23	0.000
214.538021	214.579688	 28.92	0.000	  0.99	0.000
214.622055	214.663721	 30.50	0.000	  1.77	0.000
214.706088	214.747755	 33.36	0.000	  1.39	0.000
214.790122	214.831789	 32.23	0.000	  1.77	0.000
214.874156	214.915822	 33.57	0.000	  3.48	0.000
214.958189	214.999856	 31.40	0.000	  1.75	0.000
215.042223	215.083890	 34.95	0.000	  7.56	0.000
215.126257	215.167923	 45.91	0.000	  1.89	0.000
215.210291	215.251957	 45.30	0.000	  3.17	0.000
215.294324	215.335991	 39.59	0.000	  2.68	0.000
215.378358	215.420025	 35.91	0.000	  1.07	0.000
215.462392	215.504058	 34.23	0.000	  2.10	0.000
215.546425	215.588092	 36.43	0.000	  1.90	0.000
215.630459	215.672126	 33.71	0.000	  1.40	0.000
215.714493	215.756159	 34.84	0.000	  2.84	0.000
215.798526	215.840193	 36.67	0.000	  1.28	0.000
215.882560	215.924227	 37.39	0.000	  1.98	0.000
215.966594	216.008260	 35.18	0.000	  2.35	0.000
216.050627	216.092294	 36.07	0.000	  0.99	0.000
216.134661	216.176328	 37.40	0.000	  1.93	0.000
216.218695	216.260362	 36.15	0.000	  2.23	0.000
216.302729	216.344395	 31.32	0.000	  0.83	0.000
216.386762	216.428429	 30.81	0.000	  0.66	0.000
216.470796	216.512463	 33.32	0.000	  1.18	0.000
216.554830	216.596496	 32.97	0.000	  0.72	0.000
216.638863	216.680530	 30.29	0.000	  2.73	0.000
216.722897	216.764564	 35.76	0.000	  5.81	0.000
216.806931	216.848597	 37.56	0.000	  2.78	0.000
216.890964	216.932631	 33.02	0.000	  0.80	0.000
216.974998	217.016665	 30.97	0.000	  1.35	0.000
217.059032	217.100698	 29.75	0.000	  1.02	0.000
217.143065	217.184732	 27.85	0.000	  1.60	0.000
217.227099	217.268766	 27.87	0.000	  1.55	0.000
217.311133	217.352800	 30.85	0.000	  1.45	0.000
217.395167	217.436833	 29.17	0.000	  1.62	0.000
217.479200	217.520867	 30.26	0.000	  1.20	0.000
217.563234	217.604901	 29.68	0.000	  1.80	0.000
217.647268	217.688934	 30.03	0.000	  1.29	0.000
217.731301	217.772968	 32.00	0.000	  1.99	0.000
217.815335	217.857002	 33.20	0.000	  1.83	0.000
217.899369	217.941035	 31.85	0.000	  1.39	0.000
217.983402	218.025069	 33.98	0.000	  0.83	0.000
218.067436	218.109103	 33.30	0.000	  1.45	0.000
218.151470	218.193136	 36.69	0.000	  1.83	0.000
218.235503	218.277170	 37.86	0.000	  1.12	0.000
218.319537	218.361204	 40.42	0.000	  2.30	0.000
218.403571	218.445238	 39.28	0.000	  3.92	0.000
218.487605	218.529271	 39.39	0.000	  1.66	0.000
218.571638	218.613305	 37.43	0.000	  1.27	0.000
218.655672	218.697339	 38.72	0.000	  0.64	0.000
218.739706	218.781372	 38.08	0.000	  0.90	0.000
218.823739	218.865406	 37.01	0.000	  1.97	0.000
218.907773	218.949440	 34.30	0.000	  1.06	0.000
218.991807	219.033473	 36.08	0.000	  1.18	0.000
219.075840	219.117507	 34.25	0.000	  1.98	0.000
219.159874	219.201541	 37.29	0.000	  2.21	0.000
219.243908	219.285574	 36.87	0.000	  2.13	0.000
219.327942	219.369608	 37.31	0.000	  2.29	0.000
219.411975	219.453642	 35.71	0.000	  0.91	0.000
219.496009	219.537676	 36.24	0.000	  1.23	0.000
219.580043	219.621709	 39.76	0.000	  1.53	0.000
219.664076	219.705743	 40.73	0.000	  0.67	0.000
219.748110	219.789777	 39.88	0.000	  0.62	0.000
219.832144	219.873810	 39.86	0.000	  0.59	0.000
219.916177	219.957844	 40.21	0.000	  0.38	0.000
220.000211	220.041878	 39.14	0.000	  0.54	0.000
220.084245	220.125911	 39.64	0.000	  0.36	0.000
220.168278	220.209945	 40.10	0.000	  0.45	0.000
220.252312	220.293979	 41.05	0.000	  0.52	0.000
220.336346	220.378013	 41.56	0.000	  0.59	0.000
220.420380	220.462046	 41.47	0.000	  0.78	0.000
220.504413	220.546080	 41.07	0.000	  0.91	0.000
220.588447	220.630114	 41.14	0.000	  0.90	0.000
220.672481	220.714147	 38.95	0.000	  0.74	0.000
220.756514	220.798181	 39.28	0.000	  0.85	0.000
220.840548	220.882215	 37.90	0.000	  1.04	0.000
220.924582	220.966248	 35.82	0.000	  0.67	0.000
221.008615	221.050282	 36.06	0.000	  0.76	0.000
221.092649	221.134316	 35.64	0.000	  0.53	0.000
221.176683	221.218349	 36.77	0.000	  1.23	0.000
221.260716	221.302383	 35.97	0.000	  0.64	0.000
221.344750	221.386417	 36.65	0.000	  0.84	0.000
221.428784	221.470451	 35.61	0.000	  1.90	0.000
221.512818	221.554484	 37.76	0.000	  0.72	0.000
221.596851	221.638518	 35.03	0.000	  0.93	0.000
221.680885	221.722552	 35.44	0.000	  0.65	0.000
221.764919	221.806585	 35.61	0.000	  0.83	0.000
221.848952	221.890619	 36.54	0.000	  1.68	0.000
221.932986	221.974653	 37.54	0.000	  1.96	0.000
222.017020	222.058686	 39.74	0.000	  1.71	0.000
222.101053	222.142720	 39.08	0.000	  1.07	0.000
222.185087	222.226754	 36.38	0.000	  2.06	0.000
222.269121	222.310787	 36.74	0.000	  1.76	0.000
222.353154	222.394821	 37.98	0.000	  0.74	0.000
222.437188	222.478855	 36.09	0.000	  3.22	0.000
222.521222	222.562889	 34.28	0.000	  0.49	0.000
222.605256	222.646922	 35.12	0.000	  0.85	0.000
222.689289	222.730956	 34.62	0.000	  1.09	0.000
222.773323	222.814990	 35.79	0.000	  1.36	0.000
222.857357	222.899023	 34.76	0.000	  2.18	0.000
222.941390	222.983057	 33.72	0.000	  1.34	0.000
223.025424	223.067091	 31.39	0.000	  2.53	0.000
223.109458	223.151124	 27.95	0.000	  1.64	0.000
223.193491	223.235158	 26.54	0.000	  1.47	0.000
223.277525	223.319192	 30.97	0.000	  1.26	0.000
223.361559	223.403225	 33.00	0.000	  1.54	0.000
223.445593	223.487259	 33.16	0.000	  2.34	0.000
223.529626	223.571293	 30.33	0.000	  1.82	0.000
223.613660	223.655327	 34.24	0.000	  1.54	0.000
223.697694	223.739360	 32.40	0.000	  1.55	0.000
223.781727	223.823394	 34.48	0.000	  2.16	0.000
223.865761	223.907428	 36.11	0.000	  1.59	0.000
223.949795	223.991461	 35.09	0.000	  1.58	0.000
