data/empa/KE0001G.20220101000000.20220727090000.uv_abs.ozone.air.1y.1h.KE02L_TEI49C_no58106318.KE02L_uv_abs.lev2.nas
76 1001
Njiru, David
KE02L, Kenya Meteorological Department, KMD, Mt. Kenya GAW Station, P.O. Box 192, , 10400, Nanyuki, Kenya
Steinbacher, Martin
GAW-WDCRG
1 1
2022 01 01 2022 07 27
0.041667
days from file reference point
5
1 1 1 1 1
9999.999999 999.99 9.999 999.99 9.999
end_time of measurement, days from the file reference point
ozone, nmol/mol, Statistics=arithmetic mean, Measurement uncertainty=1 nmol/mol, Measurement uncertainty expl.=includes statistical uncertainty of individual sample and calibration uncertainty
numflag ozone, no unit, Statistics=arithmetic mean, Measurement uncertainty=1 nmol/mol, Measurement uncertainty expl.=includes statistical uncertainty of individual sample and calibration uncertainty
ozone, nmol/mol, Statistics=stddev
numflag ozone, no unit, Statistics=stddev
0
57
Data definition:              EBAS_1.1
Set type code:                TU
Timezone:                     UTC
File name:                    KE0001G.20220101000000.20220727090000.uv_abs.ozone.air.1y.1h.KE02L_TEI49C_no58106318.KE02L_uv_abs.lev2.nas
Startdate:                    20220101000000
Revision date:                20220727090000
Version:                      1
Version description:          initial revision, manually inspected
Statistics:                   arithmetic mean
Data level:                   2
Period code:                  1y
Resolution code:              1h
Sample duration:              1h
Orig. time res.:              1mn
Station code:                 KE0001G
Platform code:                KE0001S
Station name:                 Mt. Kenya
Station GAW type:             G
Station setting:              Mountain
Station WMO region:           1
Station land use:             Grassland
Station latitude:             -0.0622
Station longitude:            37.2972
Station altitude:             3678.0m
Station WDCA-ID:              GAWAKE_MKN
Station GAW-ID:               MKN
Station GAW-Name:             Mt. Kenya
Component:                    ozone
Unit:                         nmol/mol
Matrix:                       air
Instrument type:              uv_abs
Laboratory code:              KE02L
Instrument name:              TEI49C_no58106318
Instrument manufacturer:      Thermo
Instrument model:             49C
Instrument serial number:     58106318
Method ref:                   KE02L_uv_abs
Standard method:              SOP=GAW_209(2013)
Inlet type:                   Hat or hood
Inlet description:            inlet approx. 1.7 m above the cabin and 4.5 m above the ground and is permanently flushed by a high volume pump; residence times is below 10 s; sample air is taken from the manifold through a 1.5 m, 4 mm diameter teflon tubing at a flow rate of 2 lpm.
Inlet tube material:          Teflon
Maintenance description:      inlet filter (47 mm teflon filter (5 micron)) changed every 2 months
Flow rate:                    2 l/min
Detection limit:              1 nmol/mol
Absorption cross section:     1.1476E-17 cm2
QA1 measure ID:               WCC Empa Site Audit
QA1 measure description:      on-site comparison with travelling standard (Thermo Scientific 49i-PS #1171430027) with traceability to a Standard Reference Photometer (SRP)
QA1 date:                     20191213
QA1 outcome:                  pass
QA1 bias:                     0.5 nmol/mol
QA1 variability:              1.0 nmol/mol
Humidity/temperature control: None
Originator:                   Njiru, David, njimdv@gmail.com, Kenya Meteorological Department, KMD, Mt Kenya GAW Station, P. O. Box 30259,, 00100, Nairobi GPO, Kenya
Submitter:                    Steinbacher, Martin, martin.steinbacher@empa.ch, Swiss Federal Laboratories for Materials Science and Technology, Empa, Air Pollution/Environmental Technology, Ueberlandstrasse 129,, CH-8600, Duebendorf, Switzerland
Acknowledgement:              Request acknowledgement details from data originator
Comment:                      no comments
starttime	endtime	o3	flag_o3	o3std	flag_o3std
[from data line 3667]
308.151556	308.193223	 50.12	0.000	  4.64	0.000
308.235590	308.277257	 52.89	0.000	  2.47	0.000
308.319624	308.361290	 53.56	0.000	  2.71	0.000
308.403657	308.445324	 51.33	0.000	  3.45	0.000
308.487691	308.529358	 56.38	0.000	  0.75	0.000
308.571725	308.613391	 56.83	0.000	  0.76	0.000
308.655758	308.697425	 56.19	0.000	  0.85	0.000
308.739792	308.781459	 56.36	0.000	  0.71	0.000
308.823826	308.865492	 53.58	0.000	  0.74	0.000
308.907859	308.949526	 51.96	0.000	  0.66	0.000
308.991893	309.033560	 49.54	0.000	  1.45	0.000
309.075927	309.117593	 49.12	0.000	  1.00	0.000
309.159960	309.201627	 49.73	0.000	  1.22	0.000
309.243994	309.285661	 41.88	0.000	  5.20	0.000
309.328028	309.369695	 36.84	0.000	  1.33	0.000
309.412062	309.453728	 38.11	0.000	  1.23	0.000
309.496095	309.537762	 41.28	0.000	  0.70	0.000
309.580129	309.621796	 40.94	0.000	  1.97	0.000
309.664163	309.705829	 40.61	0.000	  1.13	0.000
309.748196	309.789863	 38.81	0.000	  0.78	0.000
309.832230	309.873897	 36.46	0.000	  0.94	0.000
309.916264	309.957930	 35.46	0.000	  1.75	0.000
310.000297	310.041964	 41.22	0.000	  0.94	0.000
310.084331	310.125998	 41.96	0.000	  1.25	0.000
310.168365	310.210031	 44.45	0.000	  1.73	0.000
310.252398	310.294065	 42.66	0.000	  1.54	0.000
310.336432	310.378099	 40.03	0.000	  0.60	0.000
310.420466	310.462133	 41.48	0.000	  0.51	0.000
310.504500	310.546166	 40.92	0.000	  0.63	0.000
310.588533	310.630200	 44.36	0.000	  1.81	0.000
310.672567	310.714234	 47.35	0.000	  0.69	0.000
310.756601	310.798267	 48.82	0.000	  1.34	0.000
310.840634	310.882301	 46.59	0.000	  0.73	0.000
310.924668	310.966335	 43.82	0.000	  0.84	0.000
311.008702	311.050368	 47.97	0.000	  1.35	0.000
311.092735	311.134402	 45.65	0.000	  1.10	0.000
311.176769	311.218436	 44.59	0.000	  0.70	0.000
311.260803	311.302469	 38.07	0.000	  3.87	0.000
311.344837	311.386503	 34.41	0.000	  0.59	0.000
311.428870	311.470537	 35.68	0.000	  1.17	0.000
311.512904	311.554571	 39.53	0.000	  1.52	0.000
311.596938	311.638604	 42.39	0.000	  0.84	0.000
311.680971	311.722638	 43.51	0.000	  0.55	0.000
311.765005	311.806672	 41.63	0.000	  1.55	0.000
311.849039	311.890705	 36.93	0.000	  0.96	0.000
311.933072	311.974739	 37.28	0.000	  2.17	0.000
312.017106	312.058773	 43.84	0.000	  1.98	0.000
312.101140	312.142806	 47.33	0.000	  0.41	0.000
312.185173	312.226840	 48.09	0.000	  0.39	0.000
312.269207	312.310874	 47.38	0.000	  0.71	0.000
312.353241	312.394908	 51.20	0.000	  1.74	0.000
312.437275	312.478941	 50.25	0.000	  1.27	0.000
312.521308	312.562975	 51.35	0.000	  1.40	0.000
312.605342	312.647009	 51.78	0.000	  0.73	0.000
312.689376	312.731042	 52.91	0.000	  0.54	0.000
312.773409	312.815076	 53.16	0.000	  0.35	0.000
312.857443	312.899110	 52.14	0.000	  0.73	0.000
312.941477	312.983143	 49.75	0.000	  1.31	0.000
313.025510	313.067177	 47.13	0.000	  0.81	0.000
313.109544	313.151211	 47.78	0.000	  1.05	0.000
313.193578	313.235244	 42.40	0.000	  2.67	0.000
313.277611	313.319278	 38.46	0.000	  0.89	0.000
313.361645	313.403312	 38.63	0.000	  1.13	0.000
313.445679	313.487346	 38.79	0.000	  1.21	0.000
313.529713	313.571379	 39.67	0.000	  1.04	0.000
313.613746	313.655413	 39.27	0.000	  0.63	0.000
313.697780	313.739447	 38.62	0.000	  0.63	0.000
313.781814	313.823480	 37.00	0.000	  1.39	0.000
313.865847	313.907514	 36.16	0.000	  1.11	0.000
313.949881	313.991548	 34.91	0.000	  0.82	0.000
314.033915	314.075581	 35.99	0.000	  1.04	0.000
314.117948	314.159615	 37.10	0.000	  0.95	0.000
314.201982	314.243649	 38.83	0.000	  0.60	0.000
314.286016	314.327682	 39.54	0.000	  0.49	0.000
314.370050	314.411716	 41.62	0.000	  0.96	0.000
314.454083	314.495750	 42.76	0.000	  0.55	0.000
314.538117	314.579784	 47.24	0.000	  1.26	0.000
314.622151	314.663817	 44.96	0.000	  2.30	0.000
314.706184	314.747851	 42.08	0.000	  0.48	0.000
314.790218	314.831885	 41.93	0.000	  0.55	0.000
314.874252	314.915918	 42.28	0.000	  0.79	0.000
314.958285	314.999952	 40.92	0.000	  1.26	0.000
315.042319	315.083986	 39.27	0.000	  0.97	0.000
315.126353	315.168019	 38.72	0.000	  0.56	0.000
315.210386	315.252053	 38.15	0.000	  0.64	0.000
315.294420	315.336087	 39.96	0.000	  1.05	0.000
315.378454	315.420121	 42.09	0.000	  0.59	0.000
315.462488	315.504154	 41.21	0.000	  1.10	0.000
315.546521	315.588188	 42.29	0.000	  1.93	0.000
315.630555	315.672222	 47.55	0.000	  1.69	0.000
315.714589	315.756255	 47.80	0.000	  2.03	0.000
315.798622	315.840289	 48.01	0.000	  2.52	0.000
315.882656	315.924323	 47.52	0.000	  1.54	0.000
315.966690	316.008356	 52.01	0.000	  1.26	0.000
316.050723	316.092390	 52.70	0.000	  1.05	0.000
316.134757	316.176424	 49.03	0.000	  3.06	0.000
316.218791	316.260457	 49.79	0.000	  2.11	0.000
316.302824	316.344491	 41.90	0.000	  2.29	0.000
316.386858	316.428525	 38.55	0.000	  1.09	0.000
316.470892	316.512559	 39.99	0.000	  0.91	0.000
316.554926	316.596592	 42.12	0.000	  0.74	0.000
316.638959	316.680626	 41.37	0.000	  0.88	0.000
316.722993	316.764660	 39.62	0.000	  1.05	0.000
316.807027	316.848693	 46.10	0.000	  3.78	0.000
316.891060	316.932727	 47.70	0.000	  1.08	0.000
316.975094	317.016761	 43.24	0.000	  3.67	0.000
317.059128	317.100794	 38.93	0.000	  1.82	0.000
317.143161	317.184828	 36.51	0.000	  1.20	0.000
317.227195	317.268862	 35.54	0.000	  2.03	0.000
317.311229	317.352895	 37.26	0.000	  0.86	0.000
317.395262	317.436929	 38.31	0.000	  2.18	0.000
317.479296	317.520963	 37.66	0.000	  2.29	0.000
317.563330	317.604997	 41.30	0.000	  3.14	0.000
317.647364	317.689030	 46.51	0.000	  1.64	0.000
317.731397	317.773064	 39.28	0.000	  2.41	0.000
317.815431	317.857098	 38.13	0.000	  1.59	0.000
317.899465	317.941131	 38.29	0.000	  3.05	0.000
317.983498	318.025165	 40.27	0.000	  1.98	0.000
318.067532	318.109199	 38.98	0.000	  1.55	0.000
318.151566	318.193232	 40.45	0.000	  1.87	0.000
318.235599	318.277266	 39.20	0.000	  1.80	0.000
318.319633	318.361300	 38.14	0.000	  1.89	0.000
318.403667	318.445333	 38.25	0.000	  4.33	0.000
318.487701	318.529367	 28.92	0.000	  3.08	0.000
318.571734	318.613401	 30.03	0.000	  2.61	0.000
318.655768	318.697435	 31.51	0.000	  1.46	0.000
318.739802	318.781468	 32.64	0.000	  0.77	0.000
318.823835	318.865502	 31.04	0.000	  1.45	0.000
318.907869	318.949536	 33.92	0.000	  1.36	0.000
318.991903	319.033569	 33.74	0.000	  0.66	0.000
319.075936	319.117603	 33.03	0.000	  3.30	0.000
319.159970	319.201637	 32.36	0.000	  3.03	0.000
319.244004	319.285670	 28.80	0.000	  3.30	0.000
319.328037	319.369704	 31.18	0.000	  1.08	0.000
319.412071	319.453738	 32.54	0.000	  1.09	0.000
319.496105	319.537772	 32.81	0.000	  0.69	0.000
319.580139	319.621805	 32.59	0.000	  0.84	0.000
319.664172	319.705839	 33.79	0.000	  1.72	0.000
319.748206	319.789873	 33.93	0.000	  1.12	0.000
319.832240	319.873906	 33.88	0.000	  2.13	0.000
319.916273	319.957940	 30.90	0.000	  1.52	0.000
320.000307	320.041974	 36.45	0.000	  1.50	0.000
320.084341	320.126007	 35.65	0.000	  0.82	0.000
320.168374	320.210041	 38.79	0.000	  1.50	0.000
320.252408	320.294075	 40.67	0.000	  2.73	0.000
320.336442	320.378108	 41.24	0.000	  3.78	0.000
320.420475	320.462142	 46.30	0.000	  0.84	0.000
320.504509	320.546176	 40.60	0.000	  2.67	0.000
320.588543	320.630210	 37.82	0.000	  1.84	0.000
320.672577	320.714243	 42.34	0.000	  0.68	0.000
320.756610	320.798277	 42.32	0.000	  0.63	0.000
320.840644	320.882311	 41.34	0.000	  3.33	0.000
320.924678	320.966344	 37.64	0.000	  1.79	0.000
321.008711	321.050378	 39.55	0.000	  0.77	0.000
321.092745	321.134412	 40.01	0.000	  0.61	0.000
321.176779	321.218445	 36.93	0.000	  4.36	0.000
321.260812	321.302479	 31.90	0.000	  1.53	0.000
321.344846	321.386513	 33.38	0.000	  0.73	0.000
321.428880	321.470546	 32.45	0.000	  1.30	0.000
321.512913	321.554580	 32.96	0.000	  1.49	0.000
321.596947	321.638614	 33.66	0.000	  1.04	0.000
321.680981	321.722648	 34.04	0.000	  0.76	0.000
321.765015	321.806681	 32.40	0.000	  1.05	0.000
321.849048	321.890715	 32.21	0.000	  1.18	0.000
321.933082	321.974749	 32.37	0.000	  1.27	0.000
322.017116	322.058782	 35.10	0.000	  1.06	0.000
322.101149	322.142816	 39.51	0.000	  2.14	0.000
322.185183	322.226850	 43.66	0.000	  2.75	0.000
322.269217	322.310883	 48.68	0.000	  1.02	0.000
322.353250	322.394917	 45.69	0.000	  1.48	0.000
322.437284	322.478951	 43.02	0.000	  0.55	0.000
322.521318	322.562984	 43.61	0.000	  0.80	0.000
322.605352	322.647018	 47.94	0.000	  1.97	0.000
322.689385	322.731052	 53.14	0.000	  2.75	0.000
322.773419	322.815086	 52.91	0.000	  1.01	0.000
322.857453	322.899119	 46.36	0.000	  3.29	0.000
322.941486	322.983153	 40.53	0.000	  1.14	0.000
323.025520	323.067187	 39.30	0.000	  0.98	0.000
323.109554	323.151220	 41.08	0.000	  0.76	0.000
323.193587	323.235254	 36.97	0.000	  2.51	0.000
323.277621	323.319288	 34.62	0.000	  0.98	0.000
323.361655	323.403321	 34.64	0.000	  0.83	0.000
323.445688	323.487355	 34.79	0.000	  1.06	0.000
323.529722	323.571389	 34.10	0.000	  1.01	0.000
323.613756	323.655423	 35.01	0.000	  1.14	0.000
323.697790	323.739456	 35.31	0.000	  1.27	0.000
323.781823	323.823490	 34.35	0.000	  1.12	0.000
323.865857	323.907524	 35.78	0.000	  3.25	0.000
323.949891	323.991557	 36.33	0.000	  3.50	0.000
324.033924	324.075591	 38.64	0.000	  1.25	0.000
324.117958	324.159625	 36.38	0.000	  1.83	0.000
324.201992	324.243658	 35.26	0.000	  1.42	0.000
324.286025	324.327692	 38.60	0.000	  3.34	0.000
324.370059	324.411726	 42.12	0.000	  1.05	0.000
324.454093	324.495759	 39.61	0.000	  1.81	0.000
324.538126	324.579793	 39.37	0.000	  0.70	0.000
324.622160	324.663827	 41.17	0.000	  0.97	0.000
324.706194	324.747861	 42.01	0.000	  0.45	0.000
324.790228	324.831894	 42.04	0.000	  0.52	0.000
324.874261	324.915928	 43.34	0.000	  0.82	0.000
324.958295	324.999962	 48.28	0.000	  0.80	0.000
325.042329	325.083995	 47.28	0.000	  0.90	0.000
325.126362	325.168029	 46.75	0.000	  0.76	0.000
325.210396	325.252063	 35.72	0.000	  3.74	0.000
325.294430	325.336096	 33.78	0.000	  0.60	0.000
325.378463	325.420130	 33.37	0.000	  0.57	0.000
325.462497	325.504164	 34.36	0.000	  1.01	0.000
325.546531	325.588197	 34.03	0.000	  0.70	0.000
325.630565	325.672231	 34.62	0.000	  0.61	0.000
325.714598	325.756265	 34.34	0.000	  1.30	0.000
325.798632	325.840299	 35.46	0.000	  1.51	0.000
325.882666	325.924332	 34.43	0.000	  1.37	0.000
325.966699	326.008366	 35.13	0.000	  1.84	0.000
326.050733	326.092400	 33.14	0.000	  1.91	0.000
326.134767	326.176433	 35.03	0.000	  1.33	0.000
326.218800	326.260467	 35.77	0.000	  1.19	0.000
326.302834	326.344501	 37.21	0.000	  0.68	0.000
326.386868	326.428534	 38.57	0.000	  1.31	0.000
326.470901	326.512568	 39.43	0.000	  0.87	0.000
326.554935	326.596602	 39.33	0.000	  0.64	0.000
326.638969	326.680636	 41.12	0.000	  1.09	0.000
326.723003	326.764669	 42.10	0.000	  0.69	0.000
326.807036	326.848703	 43.16	0.000	  1.24	0.000
326.891070	326.932737	 44.01	0.000	  0.61	0.000
326.975104	327.016770	 44.27	0.000	  0.58	0.000
327.059137	327.100804	 42.73	0.000	  1.00	0.000
327.143171	327.184838	 44.92	0.000	  0.74	0.000
327.227205	327.268871	 42.71	0.000	  3.36	0.000
327.311238	327.352905	 35.97	0.000	  1.17	0.000
327.395272	327.436939	 33.80	0.000	  0.65	0.000
327.479306	327.520972	 33.96	0.000	  0.55	0.000
327.563339	327.605006	 33.70	0.000	  0.62	0.000
327.647373	327.689040	 33.75	0.000	  0.91	0.000
327.731407	327.773074	 31.67	0.000	  1.11	0.000
327.815441	327.857107	 34.62	0.000	  1.59	0.000
327.899474	327.941141	 35.45	0.000	  0.82	0.000
327.983508	328.025175	 35.59	0.000	  0.82	0.000
328.067542	328.109208	 37.80	0.000	  0.72	0.000
328.151575	328.193242	 38.01	0.000	  1.01	0.000
328.235609	328.277276	 37.73	0.000	  0.57	0.000
328.319643	328.361309	 39.38	0.000	  1.77	0.000
328.403676	328.445343	 40.17	0.000	  1.32	0.000
328.487710	328.529377	 38.58	0.000	  1.28	0.000
328.571744	328.613410	 40.12	0.000	  0.67	0.000
328.655777	328.697444	 39.29	0.000	  0.56	0.000
328.739811	328.781478	 37.85	0.000	  0.54	0.000
328.823845	328.865512	 41.10	0.000	  1.96	0.000
328.907879	328.949545	 40.46	0.000	  1.23	0.000
328.991912	329.033579	 42.18	0.000	  1.60	0.000
329.075946	329.117613	 42.61	0.000	  1.56	0.000
329.159980	329.201646	 36.53	0.000	  0.79	0.000
329.244013	329.285680	 34.22	0.000	  2.06	0.000
329.328047	329.369714	 33.55	0.000	  1.38	0.000
329.412081	329.453747	 34.71	0.000	  1.21	0.000
329.496114	329.537781	 36.29	0.000	  1.24	0.000
329.580148	329.621815	 36.24	0.000	  1.07	0.000
329.664182	329.705848	 35.36	0.000	  1.50	0.000
329.748216	329.789882	 37.03	0.000	  1.33	0.000
329.832249	329.873916	 35.11	0.000	  1.59	0.000
329.916283	329.957950	 36.67	0.000	  1.24	0.000
330.000317	330.041983	 36.82	0.000	  1.55	0.000
330.084350	330.126017	 37.15	0.000	  1.44	0.000
330.168384	330.210051	 39.31	0.000	  1.20	0.000
330.252418	330.294084	 39.92	0.000	  0.76	0.000
330.336451	330.378118	 39.51	0.000	  0.49	0.000
330.420485	330.462152	 38.49	0.000	  1.50	0.000
330.504519	330.546185	 37.31	0.000	  0.98	0.000
330.588552	330.630219	 41.79	0.000	  3.38	0.000
330.672586	330.714253	 48.90	0.000	  0.82	0.000
330.756620	330.798287	 47.70	0.000	  0.44	0.000
330.840654	330.882320	 46.56	0.000	  0.50	0.000
330.924687	330.966354	 45.86	0.000	  0.32	0.000
331.008721	331.050388	 45.87	0.000	  0.35	0.000
331.092755	331.134421	 46.31	0.000	  0.53	0.000
331.176788	331.218455	 47.86	0.000	  0.83	0.000
331.260822	331.302489	 48.29	0.000	  0.66	0.000
331.344856	331.386522	 46.51	0.000	  0.96	0.000
331.428889	331.470556	 40.90	0.000	  5.46	0.000
331.512923	331.554590	 39.24	0.000	  4.37	0.000
331.596957	331.638623	 45.22	0.000	  3.10	0.000
331.680990	331.722657	 45.10	0.000	  1.24	0.000
331.765024	331.806691	 44.34	0.000	  0.76	0.000
331.849058	331.890725	 42.97	0.000	  2.05	0.000
331.933092	331.974758	 41.60	0.000	  1.67	0.000
332.017125	332.058792	 37.64	0.000	  2.15	0.000
332.101159	332.142826	 43.63	0.000	  0.62	0.000
332.185193	332.226859	 43.99	0.000	  0.34	0.000
332.269226	332.310893	 43.81	0.000	  0.42	0.000
332.353260	332.394927	 44.09	0.000	  0.44	0.000
332.437294	332.478960	 43.83	0.000	  1.35	0.000
332.521327	332.562994	 46.49	0.000	  0.44	0.000
332.605361	332.647028	 45.80	0.000	  0.88	0.000
332.689395	332.731061	 45.14	0.000	  0.90	0.000
332.773429	332.815095	 46.10	0.000	  0.68	0.000
332.857462	332.899129	 45.73	0.000	  0.37	0.000
332.941496	332.983163	 44.73	0.000	  0.48	0.000
333.025530	333.067196	 44.79	0.000	  0.38	0.000
333.109563	333.151230	 44.66	0.000	  0.42	0.000
333.193597	333.235264	 44.24	0.000	  0.39	0.000
333.277631	333.319297	 44.94	0.000	  0.88	0.000
333.361664	333.403331	 43.66	0.000	  1.18	0.000
333.445698	333.487365	 43.34	0.000	  0.91	0.000
333.529732	333.571398	 44.07	0.000	  1.04	0.000
333.613765	333.655432	 44.58	0.000	  1.30	0.000
333.697799	333.739466	 45.13	0.000	  1.08	0.000
333.781833	333.823500	 43.67	0.000	  2.16	0.000
333.865867	333.907533	 40.08	0.000	  2.93	0.000
333.949900	333.991567	 36.14	0.000	  0.77	0.000
334.033934	334.075601	 37.63	0.000	  1.62	0.000
334.117968	334.159634	 39.37	0.000	  1.25	0.000
334.202001	334.243668	 40.26	0.000	  0.75	0.000
334.286035	334.327702	 44.84	0.000	  3.46	0.000
334.370069	334.411735	 49.33	0.000	  1.01	0.000
334.454102	334.495769	 49.34	0.000	  0.54	0.000
334.538136	334.579803	 51.18	0.000	  0.87	0.000
334.622170	334.663836	 51.52	0.000	  0.50	0.000
334.706203	334.747870	 50.94	0.000	  0.94	0.000
334.790237	334.831904	 50.81	0.000	  1.18	0.000
334.874271	334.915938	 49.59	0.000	  0.77	0.000
334.958305	334.999971	 50.71	0.000	  0.67	0.000
335.042338	335.084005	 49.32	0.000	  0.69	0.000
335.126372	335.168039	 50.38	0.000	  0.64	0.000
335.210406	335.252072	 48.91	0.000	  1.00	0.000
335.294439	335.336106	 49.74	0.000	  1.14	0.000
335.378473	335.420140	 49.67	0.000	  1.13	0.000
335.462507	335.504173	 41.54	0.000	  6.91	0.000
335.546540	335.588207	 33.12	0.000	  0.85	0.000
335.630574	335.672241	 38.80	0.000	  7.67	0.000
335.714608	335.756274	 44.41	0.000	  5.66	0.000
335.798641	335.840308	 36.95	0.000	  1.34	0.000
335.882675	335.924342	 37.29	0.000	  1.01	0.000
335.966709	336.008376	 35.93	0.000	  0.49	0.000
336.050743	336.092409	 33.08	0.000	  1.95	0.000
