data/empa/KE0001G.20220101000000.20220727090000.uv_abs.ozone.air.1y.1h.KE02L_TEI49C_no58106318.KE02L_uv_abs.lev2.nas
76 1001
Njiru, David
KE02L, Kenya Meteorological Department, KMD, Mt. Kenya GAW Station, P.O. Box 192, , 10400, Nanyuki, Kenya
Steinbacher, Martin
GAW-WDCRG
1 1
2022 01 01 2022 07 27
0.041667
days from file reference point
5
1 1 1 1 1
9999.999999 999.99 9.999 999.99 9.999
end_time of measurement, days from the file reference point
ozone, nmol/mol, Statistics=arithmetic mean, Measurement uncertainty=1 nmol/mol, Measurement uncertainty expl.=includes statistical uncertainty of individual sample and calibration uncertainty
numflag ozone, no unit, Statistics=arithmetic mean, Measurement uncertainty=1 nmol/mol, Measurement uncertainty expl.=includes statistical uncertainty of individual sample and calibration uncertainty
ozone, nmol/mol, Statistics=stddev
numflag ozone, no unit, Statistics=stddev
0
57
Data definition:              EBAS_1.1
Set type code:                TU
Timezone:                     UTC
File name:                    KE0001G.20220101000000.20220727090000.uv_abs.ozone.air.1y.1h.KE02L_TEI49C_no58106318.KE02L_uv_abs.lev2.nas
Startdate:                    20220101000000
Revision date:                20220727090000
Version:                      1
Version description:          initial revision, manually inspected
Statistics:                   arithmetic mean
Data level:                   2
Period code:                  1y
Resolution code:              1h
Sample duration:              1h
Orig. time res.:              1mn
Station code:                 KE0001G
Platform code:                KE0001S
Station name:                 Mt. Kenya
Station GAW type:             G
Station setting:              Mountain
Station WMO region:           1
Station land use:             Grassland
Station latitude:             -0.0622
Station longitude:            37.2972
Station altitude:             3678.0m
Station WDCA-ID:              GAWAKE_MKN
Station GAW-ID:               MKN
Station GAW-Name:             Mt. Kenya
Component:                    ozone
Unit:                         nmol/mol
Matrix:                       air
Instrument type:              uv_abs
Laboratory code:              KE02L
Instrument name:              TEI49C_no58106318
Instrument manufacturer:      Thermo
Instrument model:             49C
Instrument serial number:     58106318
Method ref:                   KE02L_uv_abs
Standard method:              SOP=GAW_209(2013)
Inlet type:                   Hat or hood
Inlet description:            inlet approx. 1.7 m above the cabin and 4.5 m above the ground and is permanently flushed by a high volume pump; residence times is below 10 s; sample air is taken from the manifold through a 1.5 m, 4 mm diameter teflon tubing at a flow rate of 2 lpm.
Inlet tube material:          Teflon
Maintenance description:      inlet filter (47 mm teflon filter (5 micron)) changed every 2 months
Flow rate:                    2 l/min
Detection limit:              1 nmol/mol
Absorption cross section:     1.1476E-17 cm2
QA1 measure ID:               WCC Empa Site Audit
QA1 measure description:      on-site comparison with travelling standard (Thermo Scientific 49i-PS #1171430027) with traceability to a Standard Reference Photometer (SRP)
QA1 date:                     20191213
QA1 outcome:                  pass
QA1 bias:                     0.5 nmol/mol
QA1 variability:              1.0 nmol/mol
Humidity/temperature control: None
Originator:                   Njiru, David, njimdv@gmail.com, Kenya Meteorological Department, KMD, Mt Kenya GAW Station, P. O. Box 30259,, 00100, Nairobi GPO, Kenya
Submitter:                    Steinbacher, Martin, martin.steinbacher@empa.ch, Swiss Federal Laboratories for Materials Science and Technology, Empa, Air Pollution/Environmental Technology, Ueberlandstrasse 129,, CH-8600, Duebendorf, Switzerland
Acknowledgement:              Request acknowledgement details from data originator
Comment:                      no comments
starttime	endtime	o3	flag_o3	o3std	flag_o3std
[from data line 4001]
336.218810	336.260477	 47.33	0.000	  0.52	0.000
336.302844	336.344510	 48.38	0.000	  0.63	0.000
336.386877	336.428544	 49.08	0.000	  0.28	0.000
336.470911	336.512578	 49.50	0.000	  0.46	0.000
336.554945	336.596611	 50.84	0.000	  0.34	0.000
336.638978	336.680645	 51.41	0.000	  0.25	0.000
336.723012	336.764679	 51.25	0.000	  0.25	0.000
336.807046	336.848712	 51.80	0.000	  0.34	0.000
336.891080	336.932746	 51.64	0.000	  0.23	0.000
336.975113	337.016780	 51.51	0.000	  0.26	0.000
337.059147	337.100814	 53.27	0.000	  0.59	0.000
337.143181	337.184847	 51.44	0.000	  0.61	0.000
337.227214	337.268881	 51.73	0.000	  0.66	0.000
337.311248	337.352915	 52.36	0.000	  1.11	0.000
337.395282	337.436948	 52.85	0.000	  0.92	0.000
337.479315	337.520982	 44.60	0.000	  8.56	0.000
337.563349	337.605016	 36.22	0.000	  2.01	0.000
337.647383	337.689049	 37.73	0.000	  0.63	0.000
337.731416	337.773083	 39.42	0.000	  1.27	0.000
337.815450	337.857117	 42.37	0.000	  0.98	0.000
337.899484	337.941151	 42.86	0.000	  0.96	0.000
337.983518	338.025184	 42.29	0.000	  0.96	0.000
338.067551	338.109218	 39.53	0.000	  1.88	0.000
338.151585	338.193252	 42.99	0.000	  0.46	0.000
338.235619	338.277285	 42.83	0.000	  1.49	0.000
338.319652	338.361319	 47.19	0.000	  1.32	0.000
338.403686	338.445353	 48.81	0.000	  0.74	0.000
338.487720	338.529386	 47.23	0.000	  0.76	0.000
338.571753	338.613420	 45.36	0.000	  0.63	0.000
338.655787	338.697454	 46.10	0.000	  0.95	0.000
338.739821	338.781487	 47.84	0.000	  1.56	0.000
338.823854	338.865521	 43.82	0.000	  1.08	0.000
338.907888	338.949555	 44.96	0.000	  1.20	0.000
338.991922	339.033589	 41.93	0.000	  0.56	0.000
339.075956	339.117622	 41.61	0.000	  0.39	0.000
339.159989	339.201656	 41.78	0.000	  0.80	0.000
339.244023	339.285690	 41.59	0.000	  0.72	0.000
339.328057	339.369723	 41.58	0.000	  0.99	0.000
339.412090	339.453757	 42.36	0.000	  1.56	0.000
339.496124	339.537791	 39.54	0.000	  1.16	0.000
339.580158	339.621824	 38.00	0.000	  0.77	0.000
339.664191	339.705858	 35.65	0.000	  1.38	0.000
339.748225	339.789892	 35.03	0.000	  0.71	0.000
339.832259	339.873925	 36.29	0.000	  0.76	0.000
339.916292	339.957959	 35.92	0.000	  0.79	0.000
340.000326	340.041993	 36.76	0.000	  0.74	0.000
340.084360	340.126027	 34.16	0.000	  1.30	0.000
340.168394	340.210060	 32.25	0.000	  2.46	0.000
340.252427	340.294094	 32.58	0.000	  1.51	0.000
340.336461	340.378128	 33.85	0.000	  2.33	0.000
340.420495	340.462161	 35.33	0.000	  0.84	0.000
340.504528	340.546195	 34.39	0.000	  0.73	0.000
340.588562	340.630229	 35.13	0.000	  0.75	0.000
340.672596	340.714262	 36.31	0.000	  0.89	0.000
340.756629	340.798296	 34.93	0.000	  1.40	0.000
340.840663	340.882330	 33.70	0.000	  0.83	0.000
340.924697	340.966363	 33.20	0.000	  0.62	0.000
341.008731	341.050397	 33.72	0.000	  0.99	0.000
341.092764	341.134431	 33.10	0.000	  1.08	0.000
341.176798	341.218465	 32.73	0.000	  1.91	0.000
341.260832	341.302498	 34.31	0.000	  0.57	0.000
341.344865	341.386532	 34.03	0.000	  0.58	0.000
341.428899	341.470566	 34.23	0.000	  0.52	0.000
341.512933	341.554599	 35.77	0.000	  1.09	0.000
341.596966	341.638633	 36.07	0.000	  0.69	0.000
341.681000	341.722667	 36.64	0.000	  0.66	0.000
341.765034	341.806700	 35.50	0.000	  1.07	0.000
341.849067	341.890734	 34.85	0.000	  1.18	0.000
341.933101	341.974768	 33.99	0.000	  0.95	0.000
342.017135	342.058802	 34.45	0.000	  1.23	0.000
342.101169	342.142835	 35.09	0.000	  1.55	0.000
342.185202	342.226869	 35.16	0.000	  1.21	0.000
342.269236	342.310903	 36.68	0.000	  1.09	0.000
342.353270	342.394936	 34.94	0.000	  0.68	0.000
342.437303	342.478970	 35.69	0.000	  1.30	0.000
342.521337	342.563004	 34.47	0.000	  0.76	0.000
342.605371	342.647037	 35.08	0.000	  1.50	0.000
342.689404	342.731071	 35.83	0.000	  1.00	0.000
342.773438	342.815105	 34.77	0.000	  1.08	0.000
342.857472	342.899138	 35.79	0.000	  1.38	0.000
342.941505	342.983172	 34.78	0.000	  1.93	0.000
343.025539	343.067206	 32.33	0.000	  1.41	0.000
343.109573	343.151240	 33.86	0.000	  0.90	0.000
343.193607	343.235273	 35.27	0.000	  1.92	0.000
343.277640	343.319307	 35.66	0.000	  0.79	0.000
343.361674	343.403341	 36.35	0.000	  0.80	0.000
343.445708	343.487374	 35.85	0.000	  1.15	0.000
343.529741	343.571408	 34.61	0.000	  1.02	0.000
343.613775	343.655442	 34.83	0.000	  1.10	0.000
343.697809	343.739475	 35.66	0.000	  0.87	0.000
343.781842	343.823509	 36.67	0.000	  0.89	0.000
343.865876	343.907543	 35.31	0.000	  1.55	0.000
343.949910	343.991576	 35.60	0.000	  1.36	0.000
344.033944	344.075610	 37.09	0.000	  1.00	0.000
344.117977	344.159644	 37.32	0.000	  1.01	0.000
344.202011	344.243678	 36.18	0.000	  1.45	0.000
344.286045	344.327711	 36.48	0.000	  1.05	0.000
344.370078	344.411745	 39.65	0.000	  3.79	0.000
344.454112	344.495779	 42.38	0.000	  2.33	0.000
344.538146	344.579812	 44.73	0.000	  1.58	0.000
344.622179	344.663846	 43.78	0.000	  0.76	0.000
344.706213	344.747880	 42.53	0.000	  0.83	0.000
344.790247	344.831913	 40.94	0.000	  1.25	0.000
344.874280	344.915947	 37.69	0.000	  0.89	0.000
344.958314	344.999981	 38.86	0.000	  1.00	0.000
345.042348	345.084015	 41.39	0.000	  0.86	0.000
345.126382	345.168048	 41.18	0.000	  0.58	0.000
345.210415	345.252082	 39.01	0.000	  1.12	0.000
345.294449	345.336116	 38.68	0.000	  0.76	0.000
345.378483	345.420149	 37.19	0.000	  0.63	0.000
345.462516	345.504183	 37.80	0.000	  0.89	0.000
345.546550	345.588217	 38.51	0.000	  0.70	0.000
345.630584	345.672250	 39.26	0.000	  0.52	0.000
345.714617	345.756284	 39.77	0.000	  0.67	0.000
345.798651	345.840318	 39.31	0.000	  1.40	0.000
345.882685	345.924351	 39.59	0.000	  1.39	0.000
345.966718	346.008385	 38.96	0.000	  1.07	0.000
346.050752	346.092419	 39.56	0.000	  1.44	0.000
346.134786	346.176453	 36.01	0.000	  2.55	0.000
346.218820	346.260486	 38.11	0.000	  2.37	0.000
346.302853	346.344520	 35.31	0.000	  1.21	0.000
346.386887	346.428554	 36.43	0.000	  1.13	0.000
346.470921	346.512587	 38.16	0.000	  0.84	0.000
346.554954	346.596621	 37.49	0.000	  1.12	0.000
346.638988	346.680655	 39.18	0.000	  0.65	0.000
346.723022	346.764688	 39.02	0.000	  1.36	0.000
346.807055	346.848722	 40.50	0.000	  1.71	0.000
346.891089	346.932756	 44.27	0.000	  2.16	0.000
346.975123	347.016789	 45.20	0.000	  0.90	0.000
347.059156	347.100823	 44.47	0.000	  1.17	0.000
347.143190	347.184857	 43.20	0.000	  0.58	0.000
347.227224	347.268891	 41.09	0.000	  1.04	0.000
347.311258	347.352924	 42.51	0.000	  0.98	0.000
347.395291	347.436958	 41.82	0.000	  1.04	0.000
347.479325	347.520992	 40.08	0.000	  1.15	0.000
347.563359	347.605025	 39.68	0.000	  0.77	0.000
347.647392	347.689059	 40.37	0.000	  0.87	0.000
347.731426	347.773093	 41.23	0.000	  0.60	0.000
347.815460	347.857126	 40.81	0.000	  0.64	0.000
347.899493	347.941160	 41.01	0.000	  0.82	0.000
347.983527	348.025194	 42.48	0.000	  0.70	0.000
348.067561	348.109227	 41.80	0.000	  0.95	0.000
348.151595	348.193261	 39.52	0.000	  1.43	0.000
348.235628	348.277295	 36.65	0.000	  1.59	0.000
348.319662	348.361329	 36.28	0.000	  1.38	0.000
348.403696	348.445362	 37.18	0.000	  1.43	0.000
348.487729	348.529396	 36.41	0.000	  1.31	0.000
348.571763	348.613430	 34.94	0.000	  1.48	0.000
348.655797	348.697463	 34.29	0.000	  1.33	0.000
348.739830	348.781497	 35.88	0.000	  1.30	0.000
348.823864	348.865531	 37.60	0.000	  1.02	0.000
348.907898	348.949564	 37.11	0.000	  0.73	0.000
348.991931	349.033598	 37.06	0.000	  1.02	0.000
349.075965	349.117632	 37.59	0.000	  1.38	0.000
349.159999	349.201666	 37.02	0.000	  1.25	0.000
349.244033	349.285699	 35.47	0.000	  0.70	0.000
349.328066	349.369733	 36.47	0.000	  1.31	0.000
349.412100	349.453767	 35.71	0.000	  1.40	0.000
349.496134	349.537800	 35.42	0.000	  0.92	0.000
349.580167	349.621834	 35.66	0.000	  1.09	0.000
349.664201	349.705868	 37.43	0.000	  0.66	0.000
349.748235	349.789901	 36.92	0.000	  0.79	0.000
349.832268	349.873935	 36.75	0.000	  0.91	0.000
349.916302	349.957969	 37.73	0.000	  1.32	0.000
350.000336	350.042002	 37.56	0.000	  1.11	0.000
350.084369	350.126036	 36.94	0.000	  0.60	0.000
350.168403	350.210070	 35.93	0.000	  2.11	0.000
350.252437	350.294104	 34.05	0.000	  1.30	0.000
350.336471	350.378137	 34.95	0.000	  1.36	0.000
350.420504	350.462171	 36.37	0.000	  1.18	0.000
350.504538	350.546205	 37.30	0.000	  2.15	0.000
350.588572	350.630238	 35.38	0.000	  1.11	0.000
350.672605	350.714272	 36.77	0.000	  1.34	0.000
350.756639	350.798306	 38.47	0.000	  1.11	0.000
350.840673	350.882339	 40.75	0.000	  1.13	0.000
350.924706	350.966373	 42.58	0.000	  0.64	0.000
351.008740	351.050407	 41.84	0.000	  0.66	0.000
351.092774	351.134440	 39.28	0.000	  0.68	0.000
351.176808	351.218474	 38.09	0.000	  0.64	0.000
351.260841	351.302508	 38.34	0.000	  1.01	0.000
351.344875	351.386542	 41.16	0.000	  1.52	0.000
351.428909	351.470575	 39.20	0.000	  1.43	0.000
351.512942	351.554609	 40.26	0.000	  0.87	0.000
351.596976	351.638643	 38.25	0.000	  2.29	0.000
351.681010	351.722676	 36.65	0.000	  1.94	0.000
351.765043	351.806710	 35.50	0.000	  1.06	0.000
351.849077	351.890744	 35.82	0.000	  2.70	0.000
351.933111	351.974777	 35.09	0.000	  1.41	0.000
352.017144	352.058811	 36.13	0.000	  1.46	0.000
352.101178	352.142845	 36.95	0.000	  1.50	0.000
352.185212	352.226879	 35.75	0.000	  1.64	0.000
352.269246	352.310912	 37.42	0.000	  1.36	0.000
352.353279	352.394946	 37.17	0.000	  0.67	0.000
352.437313	352.478980	 36.08	0.000	  1.37	0.000
352.521347	352.563013	 36.18	0.000	  1.21	0.000
352.605380	352.647047	 35.72	0.000	  0.66	0.000
352.689414	352.731081	 36.90	0.000	  0.77	0.000
352.773448	352.815114	 36.00	0.000	  0.91	0.000
352.857481	352.899148	 35.96	0.000	  1.17	0.000
352.941515	352.983182	 35.59	0.000	  1.11	0.000
353.025549	353.067215	 34.26	0.000	  1.41	0.000
353.109582	353.151249	 35.44	0.000	  0.68	0.000
353.193616	353.235283	 38.41	0.000	  1.32	0.000
353.277650	353.319317	 39.32	0.000	  0.99	0.000
353.361684	353.403350	 38.62	0.000	  1.09	0.000
353.445717	353.487384	 37.56	0.000	  1.08	0.000
353.529751	353.571418	 37.97	0.000	  1.37	0.000
353.613785	353.655451	 36.98	0.000	  1.27	0.000
353.697818	353.739485	 35.30	0.000	  1.20	0.000
353.781852	353.823519	 34.12	0.000	  1.20	0.000
353.865886	353.907552	 34.58	0.000	  1.30	0.000
353.949919	353.991586	 35.85	0.000	  1.26	0.000
354.033953	354.075620	 36.73	0.000	  0.87	0.000
354.117987	354.159653	 34.70	0.000	  0.76	0.000
354.202020	354.243687	 33.93	0.000	  1.28	0.000
354.286054	354.327721	 34.27	0.000	  1.02	0.000
354.370088	354.411755	 32.62	0.000	  1.46	0.000
354.454122	354.495788	 31.99	0.000	  1.37	0.000
354.538155	354.579822	 34.21	0.000	  1.06	0.000
354.622189	354.663856	 34.56	0.000	  1.34	0.000
354.706223	354.747889	 34.99	0.000	  1.13	0.000
354.790256	354.831923	 34.67	0.000	  0.96	0.000
354.874290	354.915957	 35.67	0.000	  1.28	0.000
354.958324	354.999990	 34.94	0.000	  0.67	0.000
355.042357	355.084024	 35.33	0.000	  1.29	0.000
355.126391	355.168058	 33.50	0.000	  1.11	0.000
355.210425	355.252091	 31.73	0.000	  1.01	0.000
355.294459	355.336125	 30.84	0.000	  0.91	0.000
355.378492	355.420159	 32.49	0.000	  1.47	0.000
355.462526	355.504193	 31.80	0.000	  0.97	0.000
355.546560	355.588226	 31.60	0.000	  1.24	0.000
355.630593	355.672260	 32.54	0.000	  1.02	0.000
355.714627	355.756294	 33.92	0.000	  1.07	0.000
355.798661	355.840327	 33.71	0.000	  0.82	0.000
355.882694	355.924361	 35.17	0.000	  1.26	0.000
355.966728	356.008395	 36.14	0.000	  1.65	0.000
356.050762	356.092428	 36.77	0.000	  1.01	0.000
356.134795	356.176462	 35.29	0.000	  1.12	0.000
356.218829	356.260496	 34.22	0.000	  2.02	0.000
356.302863	356.344530	 32.21	0.000	  1.53	0.000
356.386897	356.428563	 33.16	0.000	  1.36	0.000
356.470930	356.512597	 30.03	0.000	  1.42	0.000
356.554964	356.596631	 32.82	0.000	  2.79	0.000
356.638998	356.680664	 33.09	0.000	  2.58	0.000
356.723031	356.764698	 35.78	0.000	  0.96	0.000
356.807065	356.848732	 36.61	0.000	  0.68	0.000
356.891099	356.932765	 37.20	0.000	  0.69	0.000
356.975132	357.016799	 37.59	0.000	  0.54	0.000
357.059166	357.100833	 39.17	0.000	  0.89	0.000
357.143200	357.184866	 38.98	0.000	  0.58	0.000
357.227233	357.268900	 39.62	0.000	  0.71	0.000
357.311267	357.352934	 37.90	0.000	  1.17	0.000
357.395301	357.436968	 33.41	0.000	  3.45	0.000
357.479335	357.521001	 33.39	0.000	  0.93	0.000
357.563368	357.605035	 33.37	0.000	  1.54	0.000
357.647402	357.689069	 34.33	0.000	  0.85	0.000
357.731436	357.773102	 33.51	0.000	  1.64	0.000
357.815469	357.857136	 31.80	0.000	  1.68	0.000
357.899503	357.941170	 32.58	0.000	  1.47	0.000
357.983537	358.025203	 32.95	0.000	  1.29	0.000
358.067570	358.109237	 34.38	0.000	  0.88	0.000
358.151604	358.193271	 34.65	0.000	  1.03	0.000
358.235638	358.277304	 34.09	0.000	  1.19	0.000
358.319671	358.361338	 32.47	0.000	  1.86	0.000
358.403705	358.445372	 34.35	0.000	  1.54	0.000
358.487739	358.529406	 36.19	0.000	  0.94	0.000
358.571773	358.613439	 35.92	0.000	  1.86	0.000
358.655806	358.697473	 38.16	0.000	  1.35	0.000
358.739840	358.781507	 38.88	0.000	  1.00	0.000
358.823874	358.865540	 39.26	0.000	  0.64	0.000
358.907907	358.949574	 41.16	0.000	  1.02	0.000
358.991941	359.033608	 40.79	0.000	  1.23	0.000
359.075975	359.117641	 40.28	0.000	  0.87	0.000
359.160008	359.201675	 39.24	0.000	  0.51	0.000
359.244042	359.285709	 38.68	0.000	  0.77	0.000
359.328076	359.369742	 38.47	0.000	  0.60	0.000
359.412110	359.453776	 37.89	0.000	  0.63	0.000
359.496143	359.537810	 33.72	0.000	  1.83	0.000
359.580177	359.621844	999.99	0.999	999.99	0.999
359.664211	359.705877	999.99	0.999	999.99	0.999
359.748244	359.789911	999.99	0.999	999.99	0.999
359.832278	359.873945	999.99	0.999	999.99	0.999
359.916312	359.957978	999.99	0.999	999.99	0.999
360.000345	360.042012	999.99	0.999	999.99	0.999
360.084379	360.126046	999.99	0.999	999.99	0.999
360.168413	360.210079	999.99	0.999	999.99	0.999
360.252446	360.294113	 30.78	0.000	  1.58	0.000
360.336480	360.378147	 28.46	0.000	  2.15	0.000
360.420514	360.462181	 29.62	0.000	  1.85	0.000
360.504548	360.546214	999.99	0.999	999.99	0.999
360.588581	360.630248	999.99	0.999	999.99	0.999
360.672615	360.714282	 39.39	0.000	  0.84	0.000
360.756649	360.798315	 27.09	0.000	  5.11	0.000
360.840682	360.882349	 37.82	0.000	  2.89	0.000
360.924716	360.966383	 33.57	0.000	  1.63	0.000
361.008750	361.050416	 34.71	0.000	  0.58	0.000
361.092783	361.134450	 35.23	0.000	  0.97	0.000
361.176817	361.218484	 35.14	0.000	  1.07	0.000
361.260851	361.302517	 34.76	0.000	  1.84	0.000
361.344884	361.386551	 35.57	0.000	  1.22	0.000
361.428918	361.470585	 35.42	0.000	  1.23	0.000
361.512952	361.554619	 34.11	0.000	  0.73	0.000
361.596986	361.638652	 33.11	0.000	  0.80	0.000
361.681019	361.722686	 33.64	0.000	  1.09	0.000
361.765053	361.806720	 35.98	0.000	  1.14	0.000
361.849087	361.890753	 37.28	0.000	  1.16	0.000
361.933120	361.974787	 39.37	0.000	  0.95	0.000
362.017154	362.058821	 38.82	0.000	  0.89	0.000
362.101188	362.142854	 36.63	0.000	  0.91	0.000
362.185221	362.226888	 32.69	0.000	  2.06	0.000
362.269255	362.310922	 30.84	0.000	  0.92	0.000
362.353289	362.394955	 29.86	0.000	  2.42	0.000
362.437323	362.478989	 34.85	0.000	  1.33	0.000
362.521356	362.563023	 36.70	0.000	  0.66	0.000
362.605390	362.647057	 36.32	0.000	  0.50	0.000
362.689424	362.731090	 35.76	0.000	  0.93	0.000
362.773457	362.815124	 33.97	0.000	  2.30	0.000
362.857491	362.899158	 34.17	0.000	  1.89	0.000
362.941525	362.983191	 36.09	0.000	  0.96	0.000
363.025558	363.067225	 37.71	0.000	  0.75	0.000
363.109592	363.151259	 36.82	0.000	  1.01	0.000
363.193626	363.235292	 37.09	0.000	  0.76	0.000
363.277659	363.319326	 36.98	0.000	  0.57	0.000
363.361693	363.403360	 35.19	0.000	  1.35	0.000
363.445727	363.487394	 35.59	0.000	  0.64	0.000
363.529761	363.571427	 34.85	0.000	  0.97	0.000
363.613794	363.655461	 31.59	0.000	  0.86	0.000
363.697828	363.739495	 32.77	0.000	  1.10	0.000
363.781862	363.823528	 35.86	0.000	  0.58	0.000
363.865895	363.907562	 35.04	0.000	  0.96	0.000
363.949929	363.991596	 32.66	0.000	  1.16	0.000
364.033963	364.075629	 33.69	0.000	  1.08	0.000
