data/empa/KE0001G.20220101000000.20220727090000.uv_abs.ozone.air.1y.1h.KE02L_TEI49C_no58106318.KE02L_uv_abs.lev2.nas
76 1001
Njiru, David
KE02L, Kenya Meteorological Department, KMD, Mt. Kenya GAW Station, P.O. Box 192, , 10400, Nanyuki, Kenya
Steinbacher, Martin
GAW-WDCRG
1 1
2022 01 01 2022 07 27
0.041667
days from file reference point
5
1 1 1 1 1
9999.999999 999.99 9.999 999.99 9.999
end_time of measurement, days from the file reference point
ozone, nmol/mol, Statistics=arithmetic mean, Measurement uncertainty=1 nmol/mol, Measurement uncertainty expl.=includes statistical uncertainty of individual sample and calibration uncertainty
numflag ozone, no unit, Statistics=arithmetic mean, Measurement uncertainty=1 nmol/mol, Measurement uncertainty expl.=includes statistical uncertainty of individual sample and calibration uncertainty
ozone, nmol/mol, Statistics=stddev
numflag ozone, no unit, Statistics=stddev
0
57
Data definition:              EBAS_1.1
Set type code:                TU
Timezone:                     UTC
File name:                    KE0001G.20220101000000.20220727090000.uv_abs.ozone.air.1y.1h.KE02L_TEI49C_no58106318.KE02L_uv_abs.lev2.nas
Startdate:                    20220101000000
Revision date:                20220727090000
Version:                      1
Version description:          initial revision, manually inspected
Statistics:                   arithmetic mean
Data level:                   2
Period code:                  1y
Resolution code:              1h
Sample duration:              1h
Orig. time res.:              1mn
Station code:                 KE0001G
Platform code:                KE0001S
Station name:                 Mt. Kenya
Station GAW type:             G
Station setting:              Mountain
Station WMO region:           1
Station land use:             Grassland
Station latitude:             -0.0622
Station longitude:            37.2972
Station altitude:             3678.0m
Station WDCA-ID:              GAWAKE_MKN
Station GAW-ID:               MKN
Station GAW-Name:             Mt. Kenya
Component:                    ozone
Unit:                         nmol/mol
Matrix:                       air
Instrument type:              uv_abs
Laboratory code:              KE02L
Instrument name:              TEI49C_no58106318
Instrument manufacturer:      Thermo
Instrument model:             49C
Instrument serial number:     58106318
Method ref:                   KE02L_uv_abs
Standard method:              SOP=GAW_209(2013)
Inlet type:                   Hat or hood
Inlet description:            inlet approx. 1.7 m above the cabin and 4.5 m above the ground and is permanently flushed by a high volume pump; residence times is below 10 s; sample air is taken from the manifold through a 1.5 m, 4 mm diameter teflon tubing at a flow rate of 2 lpm.
Inlet tube material:          Teflon
Maintenance description:      inlet filter (47 mm teflon filter (5 micron)) changed every 2 months
Flow rate:                    2 l/min
Detection limit:              1 nmol/mol
Absorption cross section:     1.1476E-17 cm2
QA1 measure ID:               WCC Empa Site Audit
QA1 measure description:      on-site comparison with travelling standard (Thermo Scientific 49i-PS #1171430027) with traceability to a Standard Reference Photometer (SRP)
QA1 date:                     20191213
QA1 outcome:                  pass
QA1 bias:                     0.5 nmol/mol
QA1 variability:              1.0 nmol/mol
Humidity/temperature control: None
Originator:                   Njiru, David, njimdv@gmail.com, Kenya Meteorological Department, KMD, Mt Kenya GAW Station, P. O. Box 30259,, 00100, Nairobi GPO, Kenya
Submitter:                    Steinbacher, Martin, martin.steinbacher@empa.ch, Swiss Federal Laboratories for Materials Science and Technology, Empa, Air Pollution/Environmental Technology, Ueberlandstrasse 129,, CH-8600, Duebendorf, Switzerland
Acknowledgement:              Request acknowledgement details from data originator
Comment:                      no comments
starttime	endtime	o3	flag_o3	o3std	flag_o3std
[from data line 2667]
224.117862	224.159529	 32.44	0.000	  1.56	0.000
224.201896	224.243562	 36.76	0.000	  2.07	0.000
224.285929	224.327596	 33.34	0.000	  1.53	0.000
224.369963	224.411630	 33.17	0.000	  1.17	0.000
224.453997	224.495664	 31.22	0.000	  1.63	0.000
224.538031	224.579697	 36.66	0.000	  1.70	0.000
224.622064	224.663731	 37.69	0.000	  1.11	0.000
224.706098	224.747765	 40.86	0.000	  1.39	0.000
224.790132	224.831798	 42.78	0.000	  1.27	0.000
224.874165	224.915832	 42.71	0.000	  1.03	0.000
224.958199	224.999866	 42.26	0.000	  0.83	0.000
225.042233	225.083899	 38.98	0.000	  1.88	0.000
225.126266	225.167933	 35.13	0.000	  2.09	0.000
225.210300	225.251967	 32.72	0.000	  2.98	0.000
225.294334	225.336000	 34.11	0.000	  1.98	0.000
225.378367	225.420034	 30.04	0.000	  2.98	0.000
225.462401	225.504068	 31.06	0.000	  1.48	0.000
225.546435	225.588102	 31.14	0.000	  2.33	0.000
225.630469	225.672135	 34.86	0.000	  1.44	0.000
225.714502	225.756169	 37.36	0.000	  1.61	0.000
225.798536	225.840203	 39.55	0.000	  3.34	0.000
225.882570	225.924236	 47.40	0.000	  1.36	0.000
225.966603	226.008270	 45.32	0.000	  2.83	0.000
226.050637	226.092304	 42.06	0.000	  2.59	0.000
226.134671	226.176337	 47.12	0.000	  1.34	0.000
226.218704	226.260371	 45.87	0.000	  1.07	0.000
226.302738	226.344405	 45.65	0.000	  1.21	0.000
226.386772	226.428438	 39.81	0.000	  1.81	0.000
226.470806	226.512472	 38.54	0.000	  0.85	0.000
226.554839	226.596506	 38.63	0.000	  0.75	0.000
226.638873	226.680540	 39.25	0.000	  0.64	0.000
226.722907	226.764573	 39.23	0.000	  0.87	0.000
226.806940	226.848607	 40.14	0.000	  0.57	0.000
226.890974	226.932641	 39.42	0.000	  0.90	0.000
226.975008	227.016674	 37.84	0.000	  1.26	0.000
227.059041	227.100708	 35.43	0.000	  0.95	0.000
227.143075	227.184742	 34.28	0.000	  0.82	0.000
227.227109	227.268775	 32.40	0.000	  1.40	0.000
227.311142	227.352809	 32.15	0.000	  2.27	0.000
227.395176	227.436843	 32.83	0.000	  1.78	0.000
227.479210	227.520877	 30.32	0.000	  1.92	0.000
227.563244	227.604910	 32.90	0.000	  1.36	0.000
227.647277	227.688944	 32.64	0.000	  2.97	0.000
227.731311	227.772978	 31.37	0.000	  0.86	0.000
227.815345	227.857011	 33.06	0.000	  2.19	0.000
227.899378	227.941045	 33.58	0.000	  1.01	0.000
227.983412	228.025079	 34.31	0.000	  1.08	0.000
228.067446	228.109112	 34.53	0.000	  1.44	0.000
228.151479	228.193146	 36.46	0.000	  1.42	0.000
228.235513	228.277180	 36.33	0.000	  1.89	0.000
228.319547	228.361213	 34.87	0.000	  2.09	0.000
228.403580	228.445247	 31.09	0.000	  1.83	0.000
228.487614	228.529281	 33.52	0.000	  0.65	0.000
228.571648	228.613315	 32.28	0.000	  0.71	0.000
228.655682	228.697348	 31.31	0.000	  0.96	0.000
228.739715	228.781382	 31.06	0.000	  0.78	0.000
228.823749	228.865416	 30.63	0.000	  0.96	0.000
228.907783	228.949449	 30.40	0.000	  0.80	0.000
228.991816	229.033483	 28.69	0.000	  1.37	0.000
229.075850	229.117517	 28.92	0.000	  1.66	0.000
229.159884	229.201550	 25.44	0.000	  1.32	0.000
229.243917	229.285584	 25.17	0.000	  1.57	0.000
229.327951	229.369618	 26.11	0.000	  1.90	0.000
229.411985	229.453651	 31.35	0.000	  1.84	0.000
229.496018	229.537685	 33.78	0.000	  1.50	0.000
229.580052	229.621719	 36.71	0.000	  1.26	0.000
229.664086	229.705753	 33.63	0.000	  2.55	0.000
229.748120	229.789786	 35.13	0.000	  2.66	0.000
229.832153	229.873820	 35.06	0.000	  1.06	0.000
229.916187	229.957854	 32.99	0.000	  1.20	0.000
230.000221	230.041887	 35.46	0.000	  1.68	0.000
230.084254	230.125921	 38.06	0.000	  1.21	0.000
230.168288	230.209955	 36.38	0.000	  1.72	0.000
230.252322	230.293988	 32.80	0.000	  1.65	0.000
230.336355	230.378022	 33.64	0.000	  2.29	0.000
230.420389	230.462056	 28.54	0.000	  1.27	0.000
230.504423	230.546089	 31.36	0.000	  1.59	0.000
230.588457	230.630123	 36.75	0.000	  1.48	0.000
230.672490	230.714157	 33.65	0.000	  0.96	0.000
230.756524	230.798191	 32.64	0.000	  0.63	0.000
230.840558	230.882224	 31.50	0.000	  1.22	0.000
230.924591	230.966258	 33.46	0.000	  1.96	0.000
231.008625	231.050292	 34.39	0.000	  1.63	0.000
231.092659	231.134325	 34.27	0.000	  0.99	0.000
231.176692	231.218359	 32.31	0.000	  1.48	0.000
231.260726	231.302393	 29.88	0.000	  2.35	0.000
231.344760	231.386426	 28.16	0.000	  2.40	0.000
231.428793	231.470460	 28.10	0.000	  1.75	0.000
231.512827	231.554494	 30.09	0.000	  1.52	0.000
231.596861	231.638528	 28.60	0.000	  0.83	0.000
231.680895	231.722561	 29.72	0.000	  1.37	0.000
231.764928	231.806595	 30.75	0.000	  0.72	0.000
231.848962	231.890629	 32.33	0.000	  0.71	0.000
231.932996	231.974662	 33.98	0.000	  0.55	0.000
232.017029	232.058696	 30.62	0.000	  2.06	0.000
232.101063	232.142730	 30.81	0.000	  0.88	0.000
232.185097	232.226763	 30.96	0.000	  0.68	0.000
232.269130	232.310797	 30.10	0.000	  1.43	0.000
232.353164	232.394831	 28.56	0.000	  0.82	0.000
232.437198	232.478864	 28.01	0.000	  0.51	0.000
232.521231	232.562898	 28.46	0.000	  1.16	0.000
232.605265	232.646932	 31.14	0.000	  1.11	0.000
232.689299	232.730966	 31.17	0.000	  0.94	0.000
232.773333	232.814999	 32.39	0.000	  1.08	0.000
232.857366	232.899033	 34.76	0.000	  1.29	0.000
232.941400	232.983067	 38.44	0.000	  0.97	0.000
233.025434	233.067100	 35.45	0.000	  1.38	0.000
233.109467	233.151134	 35.06	0.000	  1.55	0.000
233.193501	233.235168	 33.08	0.000	  1.61	0.000
233.277535	233.319201	 34.63	0.000	  2.21	0.000
233.361568	233.403235	 33.59	0.000	  2.59	0.000
233.445602	233.487269	 36.59	0.000	  2.57	0.000
233.529636	233.571302	 35.69	0.000	  1.61	0.000
233.613670	233.655336	 35.59	0.000	  2.37	0.000
233.697703	233.739370	 38.54	0.000	  2.23	0.000
233.781737	233.823404	 39.29	0.000	  0.98	0.000
233.865771	233.907437	 37.80	0.000	  2.29	0.000
233.949804	233.991471	 38.39	0.000	  3.48	0.000
234.033838	234.075505	 38.89	0.000	  1.46	0.000
234.117872	234.159538	 37.36	0.000	  1.29	0.000
234.201905	234.243572	 38.57	0.000	  2.30	0.000
234.285939	234.327606	 38.32	0.000	  1.14	0.000
234.369973	234.411639	 35.45	0.000	  2.25	0.000
234.454006	234.495673	 31.80	0.000	  2.41	0.000
234.538040	234.579707	 32.70	0.000	  1.08	0.000
234.622074	234.663741	 32.94	0.000	  0.64	0.000
234.706108	234.747774	 33.17	0.000	  1.03	0.000
234.790141	234.831808	 31.97	0.000	  1.44	0.000
234.874175	234.915842	 35.10	0.000	  0.88	0.000
234.958209	234.999875	 35.42	0.000	  1.34	0.000
235.042242	235.083909	 32.37	0.000	  1.40	0.000
235.126276	235.167943	 29.32	0.000	  2.13	0.000
235.210310	235.251976	 29.56	0.000	  1.01	0.000
235.294343	235.336010	 28.27	0.000	  1.80	0.000
235.378377	235.420044	 27.97	0.000	  1.15	0.000
235.462411	235.504077	 29.16	0.000	  1.37	0.000
235.546444	235.588111	 31.25	0.000	  1.99	0.000
235.630478	235.672145	 29.09	0.000	  1.95	0.000
235.714512	235.756179	 27.98	0.000	  1.76	0.000
235.798546	235.840212	 28.10	0.000	  2.35	0.000
235.882579	235.924246	 30.17	0.000	  1.43	0.000
235.966613	236.008280	 29.77	0.000	  1.45	0.000
236.050647	236.092313	 30.32	0.000	  1.33	0.000
236.134680	236.176347	 36.97	0.000	  2.96	0.000
236.218714	236.260381	 35.04	0.000	  1.37	0.000
236.302748	236.344414	 33.62	0.000	  1.25	0.000
236.386781	236.428448	 30.82	0.000	  2.83	0.000
236.470815	236.512482	 31.18	0.000	  3.71	0.000
236.554849	236.596515	 27.98	0.000	  1.56	0.000
236.638882	236.680549	 28.57	0.000	  1.33	0.000
236.722916	236.764583	 29.03	0.000	  0.93	0.000
236.806950	236.848617	 30.05	0.000	  1.62	0.000
236.890984	236.932650	 29.80	0.000	  1.15	0.000
236.975017	237.016684	 27.55	0.000	  1.51	0.000
237.059051	237.100718	 26.85	0.000	  1.44	0.000
237.143085	237.184751	 25.62	0.000	  2.79	0.000
237.227118	237.268785	 25.39	0.000	  2.31	0.000
237.311152	237.352819	 29.42	0.000	  2.85	0.000
237.395186	237.436852	 32.58	0.000	  1.20	0.000
237.479219	237.520886	 32.61	0.000	  0.66	0.000
237.563253	237.604920	 34.31	0.000	  0.75	0.000
237.647287	237.688953	 30.85	0.000	  2.78	0.000
237.731321	237.772987	 34.39	0.000	  0.79	0.000
237.815354	237.857021	 34.22	0.000	  0.73	0.000
237.899388	237.941055	 33.05	0.000	  0.85	0.000
237.983422	238.025088	 31.09	0.000	  1.02	0.000
238.067455	238.109122	 30.07	0.000	  2.07	0.000
238.151489	238.193156	 30.25	0.000	  2.14	0.000
238.235523	238.277189	 32.60	0.000	  2.63	0.000
238.319556	238.361223	 29.45	0.000	  1.97	0.000
238.403590	238.445257	 36.07	0.000	  2.07	0.000
238.487624	238.529290	 37.23	0.000	  0.64	0.000
238.571657	238.613324	 37.72	0.000	  0.71	0.000
238.655691	238.697358	 38.34	0.000	  0.88	0.000
238.739725	238.781392	 37.22	0.000	  3.92	0.000
238.823759	238.865425	 34.84	0.000	  4.54	0.000
238.907792	238.949459	 33.82	0.000	  3.66	0.000
238.991826	239.033493	 34.29	0.000	  3.66	0.000
239.075860	239.117526	 31.35	0.000	  0.83	0.000
239.159893	239.201560	 31.81	0.000	  1.02	0.000
239.243927	239.285594	 31.17	0.000	  2.37	0.000
239.327961	239.369627	 30.86	0.000	  1.52	0.000
239.411994	239.453661	 33.66	0.000	  0.79	0.000
239.496028	239.537695	 36.60	0.000	  1.28	0.000
239.580062	239.621728	 36.47	0.000	  0.55	0.000
239.664095	239.705762	 36.21	0.000	  0.73	0.000
239.748129	239.789796	 38.24	0.000	  1.25	0.000
239.832163	239.873830	 44.44	0.000	  1.86	0.000
239.916197	239.957863	 38.65	0.000	  1.61	0.000
240.000230	240.041897	 36.22	0.000	  0.45	0.000
240.084264	240.125931	 36.01	0.000	  0.35	0.000
240.168298	240.209964	 37.82	0.000	  0.95	0.000
240.252331	240.293998	 36.23	0.000	  0.75	0.000
240.336365	240.378032	 34.71	0.000	  0.75	0.000
240.420399	240.462065	 35.88	0.000	  0.57	0.000
240.504432	240.546099	 37.14	0.000	  0.59	0.000
240.588466	240.630133	 39.91	0.000	  1.89	0.000
240.672500	240.714166	 39.33	0.000	  1.65	0.000
240.756533	240.798200	 40.22	0.000	  1.32	0.000
240.840567	240.882234	 32.89	0.000	  1.06	0.000
240.924601	240.966268	 32.26	0.000	  1.25	0.000
241.008635	241.050301	 31.34	0.000	  1.07	0.000
241.092668	241.134335	 32.52	0.000	  0.61	0.000
241.176702	241.218369	 31.57	0.000	  1.56	0.000
241.260736	241.302402	 28.99	0.000	  1.59	0.000
241.344769	241.386436	 28.17	0.000	  1.29	0.000
241.428803	241.470470	 28.00	0.000	  2.42	0.000
241.512837	241.554503	 29.88	0.000	  2.05	0.000
241.596870	241.638537	 36.14	0.000	  1.46	0.000
241.680904	241.722571	 35.08	0.000	  1.33	0.000
241.764938	241.806604	 36.98	0.000	  1.71	0.000
241.848972	241.890638	 35.59	0.000	  1.41	0.000
241.933005	241.974672	 37.60	0.000	  3.60	0.000
242.017039	242.058706	 41.77	0.000	  1.88	0.000
242.101073	242.142739	 38.45	0.000	  1.83	0.000
242.185106	242.226773	 45.76	0.000	  2.59	0.000
242.269140	242.310807	 43.69	0.000	  2.28	0.000
242.353174	242.394840	 42.30	0.000	  1.59	0.000
242.437207	242.478874	 39.63	0.000	  1.01	0.000
242.521241	242.562908	 34.25	0.000	  2.52	0.000
242.605275	242.646941	 31.73	0.000	  0.51	0.000
242.689308	242.730975	 32.76	0.000	  0.80	0.000
242.773342	242.815009	 31.00	0.000	  0.64	0.000
242.857376	242.899043	 30.88	0.000	  2.37	0.000
242.941410	242.983076	 33.97	0.000	  2.43	0.000
243.025443	243.067110	 29.56	0.000	  0.84	0.000
243.109477	243.151144	 32.11	0.000	  1.27	0.000
243.193511	243.235177	 32.72	0.000	  1.40	0.000
243.277544	243.319211	 30.40	0.000	  1.34	0.000
243.361578	243.403245	 35.91	0.000	  5.16	0.000
243.445612	243.487278	 34.75	0.000	  2.32	0.000
243.529645	243.571312	 36.51	0.000	  2.95	0.000
243.613679	243.655346	 35.20	0.000	  1.88	0.000
243.697713	243.739379	 38.60	0.000	  2.77	0.000
243.781746	243.823413	 32.47	0.000	  2.00	0.000
243.865780	243.907447	 32.43	0.000	  1.82	0.000
243.949814	243.991481	 35.05	0.000	  1.48	0.000
244.033848	244.075514	 37.42	0.000	  0.87	0.000
244.117881	244.159548	 35.07	0.000	  1.66	0.000
244.201915	244.243582	 35.60	0.000	  0.99	0.000
244.285949	244.327615	 34.16	0.000	  1.12	0.000
244.369982	244.411649	 34.58	0.000	  1.45	0.000
244.454016	244.495683	 31.76	0.000	  1.01	0.000
244.538050	244.579716	 31.65	0.000	  1.33	0.000
244.622083	244.663750	 31.61	0.000	  1.17	0.000
244.706117	244.747784	 30.10	0.000	  1.11	0.000
244.790151	244.831817	 30.52	0.000	  0.80	0.000
244.874185	244.915851	 29.54	0.000	  1.17	0.000
244.958218	244.999885	 28.66	0.000	  1.17	0.000
245.042252	245.083919	 29.39	0.000	  1.07	0.000
245.126286	245.167952	 28.28	0.000	  1.44	0.000
245.210319	245.251986	 27.88	0.000	  1.12	0.000
245.294353	245.336020	 26.01	0.000	  1.97	0.000
245.378387	245.420053	 34.09	0.000	  3.06	0.000
245.462420	245.504087	 27.67	0.000	  0.78	0.000
245.546454	245.588121	 26.56	0.000	  1.25	0.000
245.630488	245.672154	 31.74	0.000	  2.75	0.000
245.714521	245.756188	 38.07	0.000	  1.64	0.000
245.798555	245.840222	 41.33	0.000	  1.36	0.000
245.882589	245.924256	 39.22	0.000	  1.23	0.000
245.966623	246.008289	 34.87	0.000	  1.79	0.000
246.050656	246.092323	 34.06	0.000	  1.39	0.000
246.134690	246.176357	 34.44	0.000	  1.69	0.000
246.218724	246.260390	 31.82	0.000	  1.76	0.000
246.302757	246.344424	 31.51	0.000	  0.43	0.000
246.386791	246.428458	 32.91	0.000	  1.22	0.000
246.470825	246.512491	 31.91	0.000	  1.27	0.000
246.554858	246.596525	 28.73	0.000	  1.91	0.000
246.638892	246.680559	 27.23	0.000	  1.36	0.000
246.722926	246.764592	 27.92	0.000	  0.85	0.000
246.806959	246.848626	 25.81	0.000	  0.86	0.000
246.890993	246.932660	 28.51	0.000	  1.62	0.000
246.975027	247.016694	 26.35	0.000	  1.19	0.000
247.059061	247.100727	 26.15	0.000	  0.99	0.000
247.143094	247.184761	 26.14	0.000	  0.97	0.000
247.227128	247.268795	 25.50	0.000	  1.32	0.000
247.311162	247.352828	 25.49	0.000	  0.81	0.000
247.395195	247.436862	 24.83	0.000	  1.46	0.000
247.479229	247.520896	 24.09	0.000	  1.66	0.000
247.563263	247.604929	 22.75	0.000	  2.09	0.000
247.647296	247.688963	 26.35	0.000	  1.70	0.000
247.731330	247.772997	 23.72	0.000	  1.80	0.000
247.815364	247.857030	 24.22	0.000	  1.58	0.000
247.899397	247.941064	 22.53	0.000	  2.27	0.000
247.983431	248.025098	 24.89	0.000	  1.10	0.000
248.067465	248.109132	 27.78	0.000	  0.61	0.000
248.151499	248.193165	 28.65	0.000	  0.47	0.000
248.235532	248.277199	 29.01	0.000	  0.98	0.000
248.319566	248.361233	 31.02	0.000	  0.79	0.000
248.403600	248.445266	 31.17	0.000	  1.38	0.000
248.487633	248.529300	 30.57	0.000	  3.06	0.000
248.571667	248.613334	 26.49	0.000	  1.02	0.000
248.655701	248.697367	999.99	0.999	999.99	0.999
248.739734	248.781401	999.99	0.999	999.99	0.999
248.823768	248.865435	999.99	0.999	999.99	0.999
248.907802	248.949468	999.99	0.999	999.99	0.999
248.991836	249.033502	999.99	0.999	999.99	0.999
249.075869	249.117536	999.99	0.999	999.99	0.999
249.159903	249.201570	999.99	0.999	999.99	0.999
249.243937	249.285603	999.99	0.999	999.99	0.999
249.327970	249.369637	999.99	0.999	999.99	0.999
249.412004	249.453671	999.99	0.999	999.99	0.999
249.496038	249.537704	999.99	0.999	999.99	0.999
249.580071	249.621738	999.99	0.999	999.99	0.999
249.664105	249.705772	999.99	0.999	999.99	0.999
249.748139	249.789805	999.99	0.999	999.99	0.999
249.832172	249.873839	999.99	0.999	999.99	0.999
249.916206	249.957873	999.99	0.999	999.99	0.999
250.000240	250.041907	999.99	0.999	999.99	0.999
250.084274	250.125940	999.99	0.999	999.99	0.999
250.168307	250.209974	999.99	0.999	999.99	0.999
250.252341	250.294008	999.99	0.999	999.99	0.999
250.336375	250.378041	999.99	0.999	999.99	0.999
250.420408	250.462075	999.99	0.999	999.99	0.999
250.504442	250.546109	999.99	0.999	999.99	0.999
250.588476	250.630142	999.99	0.999	999.99	0.999
250.672509	250.714176	999.99	0.999	999.99	0.999
250.756543	250.798210	 30.82	0.000	  1.02	0.000
250.840577	250.882243	 30.63	0.000	  0.86	0.000
250.924610	250.966277	 32.15	0.000	  1.02	0.000
251.008644	251.050311	 32.67	0.000	  0.99	0.000
251.092678	251.134345	 31.89	0.000	  1.14	0.000
251.176712	251.218378	 31.40	0.000	  0.88	0.000
251.260745	251.302412	 30.69	0.000	  1.27	0.000
251.344779	251.386446	 32.04	0.000	  1.56	0.000
251.428813	251.470479	 29.34	0.000	  1.54	0.000
251.512846	251.554513	 28.18	0.000	  1.27	0.000
251.596880	251.638547	 26.89	0.000	  1.88	0.000
251.680914	251.722580	 26.52	0.000	  1.94	0.000
251.764947	251.806614	 28.08	0.000	  2.82	0.000
251.848981	251.890648	 29.90	0.000	  3.19	0.000
251.933015	251.974681	 28.21	0.000	  2.04	0.000
252.017049	252.058715	 26.98	0.000	  2.63	0.000
