data/ebas/aerosol/KE0001G.20150101000000.20160321124934.nephelometer..aerosol.1y.1h.CH02L_Ecotech_Aurora3000_TLL_dry.CH02L_scat_coef.lev2.nas
88 1001
Bukowiecki, Nicolas
CH02L, Paul Scherrer Institut, PSI, Laboratory of Atmospheric Chemistry (LAC), OFLB, , 5232, Villigen PSI, Switzerland
Okuku, Constance
GAW-WDCA
1 1
2015 01 01 2016 03 21
0.041667
days from file reference point
22
1 1 1 1 1 1 1 1 1 1 1 1 1 1 1 1 1 1 1 1 1 1
999.999999 9999.99 9999.99 9999.99999999 999.999999 9999.999999 9999.99999999 999.999999 9999.999999 9999.99999999 999.999999 9999.999999 99999.99999999 9999.999999 99999.999999 9999.99999999 9999.999999 99999.999999 9999.99999999 9999.999999 9999.999999 9.999999
end_time of measurement, days from the file reference point
pressure, hPa, Location=instrument internal, Statistics=arithmetic mean, Matrix=instrument
temperature, K, Location=instrument internal, Statistics=arithmetic mean, Matrix=instrument
aerosol_light_backscattering_coefficient, 1/Mm, Wavelength=450.0 nm, Statistics=arithmetic mean
aerosol_light_backscattering_coefficient, 1/Mm, Wavelength=450.0 nm, Statistics=percentile:15.87
aerosol_light_backscattering_coefficient, 1/Mm, Wavelength=450.0 nm, Statistics=percentile:84.13
aerosol_light_backscattering_coefficient, 1/Mm, Wavelength=525.0 nm, Statistics=arithmetic mean
aerosol_light_backscattering_coefficient, 1/Mm, Wavelength=525.0 nm, Statistics=percentile:15.87
aerosol_light_backscattering_coefficient, 1/Mm, Wavelength=525.0 nm, Statistics=percentile:84.13
aerosol_light_backscattering_coefficient, 1/Mm, Wavelength=635.0 nm, Statistics=arithmetic mean
aerosol_light_backscattering_coefficient, 1/Mm, Wavelength=635.0 nm, Statistics=percentile:15.87
aerosol_light_backscattering_coefficient, 1/Mm, Wavelength=635.0 nm, Statistics=percentile:84.13
aerosol_light_scattering_coefficient, 1/Mm, Wavelength=450.0 nm, Statistics=arithmetic mean
aerosol_light_scattering_coefficient, 1/Mm, Wavelength=450.0 nm, Statistics=percentile:15.87
aerosol_light_scattering_coefficient, 1/Mm, Wavelength=450.0 nm, Statistics=percentile:84.13
aerosol_light_scattering_coefficient, 1/Mm, Wavelength=525.0 nm, Statistics=arithmetic mean
aerosol_light_scattering_coefficient, 1/Mm, Wavelength=525.0 nm, Statistics=percentile:15.87
aerosol_light_scattering_coefficient, 1/Mm, Wavelength=525.0 nm, Statistics=percentile:84.13
aerosol_light_scattering_coefficient, 1/Mm, Wavelength=635.0 nm, Statistics=arithmetic mean
aerosol_light_scattering_coefficient, 1/Mm, Wavelength=635.0 nm, Statistics=percentile:15.87
aerosol_light_scattering_coefficient, 1/Mm, Wavelength=635.0 nm, Statistics=percentile:84.13
numflag, no unit
0
52
Data definition:              EBAS_1.1
Set type code:                TU
Timezone:                     UTC
File name:                    KE0001G.20150101000000.20160321124934.nephelometer..aerosol.1y.1h.CH02L_Ecotech_Aurora3000_TLL_dry.CH02L_scat_coef.lev2.nas
File creation:                20220608070152536000
Export state:                 20220608065414856000
Export filter:                exclude-900,exclude-invalid
Startdate:                    20150101000000
Revision date:                20160321124934
Version:                      1
Version description:          Version numbering not tracked, generated by data.aggregate.ebas r4437
Data level:                   2
Period code:                  1y
Resolution code:              1h
Sample duration:              1h
Orig. time res.:              1mn
[...]
Instrument serial number:     12-0246
Method ref:                   CH02L_scat_coef
Standard method:              cal-gas=CO2+AIR_truncation-correction=Müller2011
Inlet type:                   Hat or hood
Humidity/temperature control: Other (see metadata)
Humidity/temperature control description: Temperature conditioning at room temperature 25 degC
Volume std. temperature:      273.15 K
Volume std. pressure:         1013.25 hPa
Zero/negative values:         Zero and neg. values may appear due to statistical variations at very low concentrations
Originator:                   Bukowiecki, Nicolas, , , , , , , , , 
Submitter:                    Okuku, Constance, colnex2004@yahoo.co.uk, Kenya Meteorological Department, KMD, Mt kenya GAW station, , , , Nairobi, Kenya
Acknowledgement:              Project CATCOS, Request acknowledgement details from data originator and prinicipal investigator.
starttime endtime P T aerosol_light_backscattering_coefficient aerosol_light_backscattering_coefficient aerosol_light_backscattering_coefficient aerosol_light_backscattering_coefficient aerosol_light_backscattering_coefficient aerosol_light_backscattering_coefficient aerosol_light_backscattering_coefficient aerosol_light_backscattering_coefficient aerosol_light_backscattering_coefficient aerosol_light_scattering_coefficient aerosol_light_scattering_coefficient aerosol_light_scattering_coefficient aerosol_light_scattering_coefficient aerosol_light_scattering_coefficient aerosol_light_scattering_coefficient aerosol_light_scattering_coefficient aerosol_light_scattering_coefficient aerosol_light_scattering_coefficient flag
[from data line 3491]
145.458333 145.500000 9999.99 9999.99 9999.99999999 999.999999 9999.999999 9999.99999999 999.999999 9999.999999 9999.99999999 999.999999 9999.999999 99999.99999999 9999.999999 99999.999999 9999.99999999 9999.999999 99999.999999 9999.99999999 9999.999999 9999.999999 0.999000
145.500000 145.541667 9999.99 9999.99 9999.99999999 999.999999 9999.999999 9999.99999999 999.999999 9999.999999 9999.99999999 999.999999 9999.999999 99999.99999999 9999.999999 99999.999999 9999.99999999 9999.999999 99999.999999 9999.99999999 9999.999999 9999.999999 0.999000
145.541667 145.583333 9999.99 9999.99 9999.99999999 999.999999 9999.999999 9999.99999999 999.999999 9999.999999 9999.99999999 999.999999 9999.999999 99999.99999999 9999.999999 99999.999999 9999.99999999 9999.999999 99999.999999 9999.99999999 9999.999999 9999.999999 0.999000
145.583333 145.625000 9999.99 9999.99 9999.99999999 999.999999 9999.999999 9999.99999999 999.999999 9999.999999 9999.99999999 999.999999 9999.999999 99999.99999999 9999.999999 99999.999999 9999.99999999 9999.999999 99999.999999 9999.99999999 9999.999999 9999.999999 0.999000
145.625000 145.666667 9999.99 9999.99 9999.99999999 999.999999 9999.999999 9999.99999999 999.999999 9999.999999 9999.99999999 999.999999 9999.999999 99999.99999999 9999.999999 99999.999999 9999.99999999 9999.999999 99999.999999 9999.99999999 9999.999999 9999.999999 0.999000
145.666667 145.708333 9999.99 9999.99 9999.99999999 999.999999 9999.999999 9999.99999999 999.999999 9999.999999 9999.99999999 999.999999 9999.999999 99999.99999999 9999.999999 99999.999999 9999.99999999 9999.999999 99999.999999 9999.99999999 9999.999999 9999.999999 0.999000
145.708333 145.750000 9999.99 9999.99 9999.99999999 999.999999 9999.999999 9999.99999999 999.999999 9999.999999 9999.99999999 999.999999 9999.999999 99999.99999999 9999.999999 99999.999999 9999.99999999 9999.999999 99999.999999 9999.99999999 9999.999999 9999.999999 0.999000
145.750000 145.791667 9999.99 9999.99 9999.99999999 999.999999 9999.999999 9999.99999999 999.999999 9999.999999 9999.99999999 999.999999 9999.999999 99999.99999999 9999.999999 99999.999999 9999.99999999 9999.999999 99999.999999 9999.99999999 9999.999999 9999.999999 0.999000
145.791667 145.833333 9999.99 9999.99 9999.99999999 999.999999 9999.999999 9999.99999999 999.999999 9999.999999 9999.99999999 999.999999 9999.999999 99999.99999999 9999.999999 99999.999999 9999.99999999 9999.999999 99999.999999 9999.99999999 9999.999999 9999.999999 0.999000
145.833333 145.875000 9999.99 9999.99 9999.99999999 999.999999 9999.999999 9999.99999999 999.999999 9999.999999 9999.99999999 999.999999 9999.999999 99999.99999999 9999.999999 99999.999999 9999.99999999 9999.999999 99999.999999 9999.99999999 9999.999999 9999.999999 0.999000
145.875000 145.916667 9999.99 9999.99 9999.99999999 999.999999 9999.999999 9999.99999999 999.999999 9999.999999 9999.99999999 999.999999 9999.999999 99999.99999999 9999.999999 99999.999999 9999.99999999 9999.999999 99999.999999 9999.99999999 9999.999999 9999.999999 0.999000
145.916667 145.958333 9999.99 9999.99 9999.99999999 999.999999 9999.999999 9999.99999999 999.999999 9999.999999 9999.99999999 999.999999 9999.999999 99999.99999999 9999.999999 99999.999999 9999.99999999 9999.999999 99999.999999 9999.99999999 9999.999999 9999.999999 0.999000
145.958333 146.000000 9999.99 9999.99 9999.99999999 999.999999 9999.999999 9999.99999999 999.999999 9999.999999 9999.99999999 999.999999 9999.999999 99999.99999999 9999.999999 99999.999999 9999.99999999 9999.999999 99999.999999 9999.99999999 9999.999999 9999.999999 0.999000
146.000000 146.041667 9999.99 9999.99 9999.99999999 999.999999 9999.999999 9999.99999999 999.999999 9999.999999 9999.99999999 999.999999 9999.999999 99999.99999999 9999.999999 99999.999999 9999.99999999 9999.999999 99999.999999 9999.99999999 9999.999999 9999.999999 0.999000
146.041667 146.083333 9999.99 9999.99 9999.99999999 999.999999 9999.999999 9999.99999999 999.999999 9999.999999 9999.99999999 999.999999 9999.999999 99999.99999999 9999.999999 99999.999999 9999.99999999 9999.999999 99999.999999 9999.99999999 9999.999999 9999.999999 0.999000
146.083333 146.125000 9999.99 9999.99 9999.99999999 999.999999 9999.999999 9999.99999999 999.999999 9999.999999 9999.99999999 999.999999 9999.999999 99999.99999999 9999.999999 99999.999999 9999.99999999 9999.999999 99999.999999 9999.99999999 9999.999999 9999.999999 0.999000
146.125000 146.166667 9999.99 9999.99 9999.99999999 999.999999 9999.999999 9999.99999999 999.999999 9999.999999 9999.99999999 999.999999 9999.999999 99999.99999999 9999.999999 99999.999999 9999.99999999 9999.999999 99999.999999 9999.99999999 9999.999999 9999.999999 0.999000
146.166667 146.208333 9999.99 9999.99 9999.99999999 999.999999 9999.999999 9999.99999999 999.999999 9999.999999 9999.99999999 999.999999 9999.999999 99999.99999999 9999.999999 99999.999999 9999.99999999 9999.999999 99999.999999 9999.99999999 9999.999999 9999.999999 0.999000
146.208333 146.250000 9999.99 9999.99 9999.99999999 999.999999 9999.999999 9999.99999999 999.999999 9999.999999 9999.99999999 999.999999 9999.999999 99999.99999999 9999.999999 99999.999999 9999.99999999 9999.999999 99999.999999 9999.99999999 9999.999999 9999.999999 0.999000
146.250000 146.291667 9999.99 9999.99 9999.99999999 999.999999 9999.999999 9999.99999999 999.999999 9999.999999 9999.99999999 999.999999 9999.999999 99999.99999999 9999.999999 99999.999999 9999.99999999 9999.999999 99999.999999 9999.99999999 9999.999999 9999.999999 0.999000
146.291667 146.333333 9999.99 9999.99 9999.99999999 999.999999 9999.999999 9999.99999999 999.999999 9999.999999 9999.99999999 999.999999 9999.999999 99999.99999999 9999.999999 99999.999999 9999.99999999 9999.999999 99999.999999 9999.99999999 9999.999999 9999.999999 0.999000
146.333333 146.375000 9999.99 9999.99 9999.99999999 999.999999 9999.999999 9999.99999999 999.999999 9999.999999 9999.99999999 999.999999 9999.999999 99999.99999999 9999.999999 99999.999999 9999.99999999 9999.999999 99999.999999 9999.99999999 9999.999999 9999.999999 0.999000
146.375000 146.416667 9999.99 9999.99 9999.99999999 999.999999 9999.999999 9999.99999999 999.999999 9999.999999 9999.99999999 999.999999 9999.999999 99999.99999999 9999.999999 99999.999999 9999.99999999 9999.999999 99999.999999 9999.99999999 9999.999999 9999.999999 0.999000
146.416667 146.458333  666.56  282.51    0.96400000   0.911740    1.018432    1.51800000   1.410000    1.601300    1.33200000   1.219044    1.461300    16.50000000   16.326960    16.661300   12.91400000   12.652524    13.134952    8.85800000    8.661740    9.000000 0.390640
146.458333 146.500000  666.32  284.86    0.69233333   0.347266    1.000000    0.70483333   0.257266    1.170000    0.42100000   0.043633    0.872734    14.86833333   10.024495    20.713818   11.69533333    7.085431    16.697340    7.55883333    4.349963   10.616441 0.640000
146.500000 146.541667  666.03  288.28    0.44133333   0.283633    0.550000    0.37200000   0.200000    0.609101    0.18440678  -0.017954    0.467954    20.15116667   14.806637    23.143707   15.43316667   10.460418    18.179175    9.88983333    7.825394   12.230000 0.640000
146.541667 146.583333  666.04  290.42    1.32383333   1.120000    1.470000    1.11183333   0.853633    1.286367    1.25083333   1.047266    1.350000    25.78983333   22.822586    27.706367   20.67083333   18.745320    22.260000   13.77150000   11.572623   15.089101 0.640000
146.583333 146.625000  666.29  291.76    1.42800000   1.403633    1.446367    1.35633333   1.330000    1.390000    1.31116667   1.213633    1.366367    23.00600000   22.533633    23.370000   18.48216667   18.123633    18.876367   14.25766667   14.103633   14.410000 0.640000
146.625000 146.666667  666.35  292.70    1.39066667   1.310000    1.440000    1.39316667   1.333633    1.430000    1.26816667   1.100000    1.396367    22.68450000   21.748165    23.660000   18.54183333   17.745431    19.197303   13.59116667   12.803633   14.178202 0.640000
146.666667 146.708333  666.65  293.15    1.26150000   1.210000    1.330000    1.37150000   1.190899    1.586367    1.08166667   1.003633    1.170000    21.90366667   19.248165    25.831872   17.63366667   16.053633    20.110936   12.12700000   11.602697   12.616367 0.640000
146.708333 146.750000  666.92  293.30    1.30233333   1.180000    1.360000    1.45083333   1.390000    1.510000    1.24383333   1.157266    1.316367    24.06183333   23.557266    24.954606   18.98516667   18.713633    19.455468   12.52283333   12.490000   12.590000 0.000000
146.750000 146.791667  667.06  293.36    1.06816667   1.010000    1.140000    1.03600000   0.823633    1.360000    1.18166667   1.130000    1.240000    19.64916667   18.930899    20.669175   15.73716667   15.380000    15.760936   11.44066667   10.984532   12.196367 0.000000
146.791667 146.833333  667.19  293.26    0.98033333   0.960000    1.000000    0.85800000   0.820000    0.880000    0.96966667   0.850000    1.100000    18.86600000   18.780000    18.986367   15.39450000   15.185431    15.629101   10.51733333    9.501798   11.336367 0.000000
146.833333 146.875000  667.06  293.08    0.91000000   0.860000    0.950000    0.83716667   0.653633    0.900000    0.91500000   0.870000    0.960000    17.65183333   17.183633    18.180936   14.21716667   13.820000    14.613670   10.19666667   10.040000   10.506367 0.000000
146.875000 146.916667  666.70  292.90    0.76733333   0.683633    0.830000    0.82050000   0.750000    0.890000    0.86000000   0.830000    0.890000    16.65066667   16.243633    17.080000   13.46566667   13.260000    13.680000    9.80400000    9.710000    9.890000 0.000000
146.916667 146.958333  666.23  292.74    0.44983333   0.213633    0.630000    0.65916667   0.620000    0.690000    0.76950000   0.683633    0.846367    15.61600000   15.480899    15.820000   13.11100000   13.030000    13.182734    9.48050000    9.323633    9.620000 0.000000
146.958333 147.000000  665.87  292.60    0.50716667   0.443633    0.550000    0.72633333   0.630000    0.906367    0.84700000   0.777266    0.936367    15.93983333   15.763633    16.282734   13.64283333   13.178165    14.116367   10.65300000    9.414532   11.689101 0.640000
147.000000 147.041667  665.61  292.41    0.29266667   0.107266    0.456367    0.26550000   0.117266    0.390000    0.18450000   0.100000    0.256367     9.17033333    8.271798     9.536367    7.80016667    6.911798     8.595468    6.81050000    4.928165   10.610074 0.000000
147.041667 147.083333  665.64  292.21   -0.38288136  -0.507954   -0.082046   -0.14542373  -0.237954   -0.060000   -0.21183333  -0.250000   -0.170000     6.73916667    6.280000     7.305468    5.62283333    5.273633     6.102734    3.99233333    3.830000    4.205468 0.000000
147.083333 147.125000  666.05  292.10   -0.45366667  -0.480000   -0.430000   -0.22200000  -0.250000   -0.190000   -0.11733333  -0.150000   -0.070000     7.26666667    6.993633     7.750936    5.92466667    5.603633     6.338202    3.81750000    3.607266    4.000000 0.000000
147.125000 147.166667  666.46  292.09   -0.36616667  -0.420000   -0.290000   -0.17137931  -0.210000   -0.120459    0.07847458  -0.037954    0.270000     7.85100000    7.450000     8.449101    6.54550000    6.167266     6.832734    5.16033333    4.161798    5.956367 0.000000
147.166667 147.208333  666.98  292.26   -0.03050847  -0.060000    0.040000    0.06830508   0.010000    0.140000    0.27116667   0.250000    0.290000    10.12766667    9.913633    10.326367    8.27816667    8.028165     8.450000    5.61650000    5.340000    6.035468 0.000000
147.208333 147.250000  667.42  292.59    0.04526316  -0.050000    0.131128    0.31050000   0.170000    0.430000    0.47916667   0.310000    0.586367    12.56416667   10.158165    14.012771   10.12016667    8.456330    11.356367    6.91150000    6.087266    8.156367 0.640000
147.250000 147.291667  667.66  293.14    0.22303030   0.200000    0.250000    0.46575758   0.450784    0.480000    0.56090909   0.531568    0.580000    14.03000000   13.930000    14.130000   11.52606061   11.430000    11.609216    8.29060606    8.240000    8.359216 0.392640
147.291667 147.333333 9999.99 9999.99 9999.99999999 999.999999 9999.999999 9999.99999999 999.999999 9999.999999 9999.99999999 999.999999 9999.999999 99999.99999999 9999.999999 99999.999999 9999.99999999 9999.999999 99999.999999 9999.99999999 9999.999999 9999.999999 0.999000
147.333333 147.375000 9999.99 9999.99 9999.99999999 999.999999 9999.999999 9999.99999999 999.999999 9999.999999 9999.99999999 999.999999 9999.999999 99999.99999999 9999.999999 99999.999999 9999.99999999 9999.999999 99999.999999 9999.99999999 9999.999999 9999.999999 0.999000
147.375000 147.416667 9999.99 9999.99 9999.99999999 999.999999 9999.999999 9999.99999999 999.999999 9999.999999 9999.99999999 999.999999 9999.999999 99999.99999999 9999.999999 99999.999999 9999.99999999 9999.999999 99999.999999 9999.99999999 9999.999999 9999.999999 0.999000
147.416667 147.458333 9999.99 9999.99 9999.99999999 999.999999 9999.999999 9999.99999999 999.999999 9999.999999 9999.99999999 999.999999 9999.999999 99999.99999999 9999.999999 99999.999999 9999.99999999 9999.999999 99999.999999 9999.99999999 9999.999999 9999.999999 0.999000
147.458333 147.500000 9999.99 9999.99 9999.99999999 999.999999 9999.999999 9999.99999999 999.999999 9999.999999 9999.99999999 999.999999 9999.999999 99999.99999999 9999.999999 99999.999999 9999.99999999 9999.999999 99999.999999 9999.99999999 9999.999999 9999.999999 0.999000
147.500000 147.541667 9999.99 9999.99 9999.99999999 999.999999 9999.999999 9999.99999999 999.999999 9999.999999 9999.99999999 999.999999 9999.999999 99999.99999999 9999.999999 99999.999999 9999.99999999 9999.999999 99999.999999 9999.99999999 9999.999999 9999.999999 0.999000
147.541667 147.583333 9999.99 9999.99 9999.99999999 999.999999 9999.999999 9999.99999999 999.999999 9999.999999 9999.99999999 999.999999 9999.999999 99999.99999999 9999.999999 99999.999999 9999.99999999 9999.999999 99999.999999 9999.99999999 9999.999999 9999.999999 0.999000
147.583333 147.625000 9999.99 9999.99 9999.99999999 999.999999 9999.999999 9999.99999999 999.999999 9999.999999 9999.99999999 999.999999 9999.999999 99999.99999999 9999.999999 99999.999999 9999.99999999 9999.999999 99999.999999 9999.99999999 9999.999999 9999.999999 0.999000
147.625000 147.666667  665.67  286.17    0.89813559   0.640000    1.060000    1.09932203   0.916138    1.267954    1.06983051   0.910000    1.253862    23.96627119   20.988414    26.507724   19.08677966   16.794092    20.951816   13.16135593   11.988414   14.281126 0.640000
147.666667 147.708333  665.84  289.36    1.23300000   1.220000    1.260000    1.40566667   1.370000    1.440000    1.34300000   1.330000    1.360000    23.29233333   21.913633    25.420111   18.42000000   17.118165    19.923744   12.71133333   11.467266   13.191872 0.640000
147.708333 147.750000  666.13  291.21    1.17316667   1.043633    1.270000    1.14016667   0.781798    1.386367    1.20866667   1.000899    1.316367    20.61000000   16.628165    23.686367   16.45900000   13.510862    19.425468   10.77216667    9.123633   13.620000 0.640000
147.750000 147.791667  666.31  291.94    0.74450000   0.550000    0.936367    0.41950000   0.223633    0.610000    0.55666667   0.410000    0.706367    14.79383333   13.589963    16.157303   12.57033333   12.273633    13.100000    8.14866667    7.487266    8.892734 0.000000
147.791667 147.833333  666.41  292.22   -0.54266667  -0.792734   -0.310000   -0.01982143  -0.080000    0.032715    0.23833333   0.200000    0.276367     7.86550000    4.096330    12.886367    6.17183333    3.605431     9.985468    4.44916667    3.217266    6.520000 0.000000
147.833333 147.875000  666.35  292.22   -0.14150000  -0.200000   -0.113633   -0.00196429  -0.052715    0.050000    0.22633333   0.173633    0.260000    10.74266667    9.840899    11.129101    8.96266667    8.200000     9.760000    5.87700000    5.640000    6.011835 0.000000
