data/ebas/aerosol/KE0001G.20150101000000.20160321124934.nephelometer..aerosol.1y.1h.CH02L_Ecotech_Aurora3000_TLL_dry.CH02L_scat_coef.lev2.nas
88 1001
Bukowiecki, Nicolas
CH02L, Paul Scherrer Institut, PSI, Laboratory of Atmospheric Chemistry (LAC), OFLB, , 5232, Villigen PSI, Switzerland
Okuku, Constance
GAW-WDCA
1 1
2015 01 01 2016 03 21
0.041667
days from file reference point
22
1 1 1 1 1 1 1 1 1 1 1 1 1 1 1 1 1 1 1 1 1 1
999.999999 9999.99 9999.99 9999.99999999 999.999999 9999.999999 9999.99999999 999.999999 9999.999999 9999.99999999 999.999999 9999.999999 99999.99999999 9999.999999 99999.999999 9999.99999999 9999.999999 99999.999999 9999.99999999 9999.999999 9999.999999 9.999999
end_time of measurement, days from the file reference point
pressure, hPa, Location=instrument internal, Statistics=arithmetic mean, Matrix=instrument
temperature, K, Location=instrument internal, Statistics=arithmetic mean, Matrix=instrument
aerosol_light_backscattering_coefficient, 1/Mm, Wavelength=450.0 nm, Statistics=arithmetic mean
aerosol_light_backscattering_coefficient, 1/Mm, Wavelength=450.0 nm, Statistics=percentile:15.87
aerosol_light_backscattering_coefficient, 1/Mm, Wavelength=450.0 nm, Statistics=percentile:84.13
aerosol_light_backscattering_coefficient, 1/Mm, Wavelength=525.0 nm, Statistics=arithmetic mean
aerosol_light_backscattering_coefficient, 1/Mm, Wavelength=525.0 nm, Statistics=percentile:15.87
aerosol_light_backscattering_coefficient, 1/Mm, Wavelength=525.0 nm, Statistics=percentile:84.13
aerosol_light_backscattering_coefficient, 1/Mm, Wavelength=635.0 nm, Statistics=arithmetic mean
aerosol_light_backscattering_coefficient, 1/Mm, Wavelength=635.0 nm, Statistics=percentile:15.87
aerosol_light_backscattering_coefficient, 1/Mm, Wavelength=635.0 nm, Statistics=percentile:84.13
aerosol_light_scattering_coefficient, 1/Mm, Wavelength=450.0 nm, Statistics=arithmetic mean
aerosol_light_scattering_coefficient, 1/Mm, Wavelength=450.0 nm, Statistics=percentile:15.87
aerosol_light_scattering_coefficient, 1/Mm, Wavelength=450.0 nm, Statistics=percentile:84.13
aerosol_light_scattering_coefficient, 1/Mm, Wavelength=525.0 nm, Statistics=arithmetic mean
aerosol_light_scattering_coefficient, 1/Mm, Wavelength=525.0 nm, Statistics=percentile:15.87
aerosol_light_scattering_coefficient, 1/Mm, Wavelength=525.0 nm, Statistics=percentile:84.13
aerosol_light_scattering_coefficient, 1/Mm, Wavelength=635.0 nm, Statistics=arithmetic mean
aerosol_light_scattering_coefficient, 1/Mm, Wavelength=635.0 nm, Statistics=percentile:15.87
aerosol_light_scattering_coefficient, 1/Mm, Wavelength=635.0 nm, Statistics=percentile:84.13
numflag, no unit
0
52
Data definition:              EBAS_1.1
Set type code:                TU
Timezone:                     UTC
File name:                    KE0001G.20150101000000.20160321124934.nephelometer..aerosol.1y.1h.CH02L_Ecotech_Aurora3000_TLL_dry.CH02L_scat_coef.lev2.nas
File creation:                20220608070152536000
Export state:                 20220608065414856000
Export filter:                exclude-900,exclude-invalid
Startdate:                    20150101000000
Revision date:                20160321124934
Version:                      1
Version description:          Version numbering not tracked, generated by data.aggregate.ebas r4437
Data level:                   2
Period code:                  1y
Resolution code:              1h
Sample duration:              1h
Orig. time res.:              1mn
[...]
Instrument serial number:     12-0246
Method ref:                   CH02L_scat_coef
Standard method:              cal-gas=CO2+AIR_truncation-correction=Müller2011
Inlet type:                   Hat or hood
Humidity/temperature control: Other (see metadata)
Humidity/temperature control description: Temperature conditioning at room temperature 25 degC
Volume std. temperature:      273.15 K
Volume std. pressure:         1013.25 hPa
Zero/negative values:         Zero and neg. values may appear due to statistical variations at very low concentrations
Originator:                   Bukowiecki, Nicolas, , , , , , , , , 
Submitter:                    Okuku, Constance, colnex2004@yahoo.co.uk, Kenya Meteorological Department, KMD, Mt kenya GAW station, , , , Nairobi, Kenya
Acknowledgement:              Project CATCOS, Request acknowledgement details from data originator and prinicipal investigator.
starttime endtime P T aerosol_light_backscattering_coefficient aerosol_light_backscattering_coefficient aerosol_light_backscattering_coefficient aerosol_light_backscattering_coefficient aerosol_light_backscattering_coefficient aerosol_light_backscattering_coefficient aerosol_light_backscattering_coefficient aerosol_light_backscattering_coefficient aerosol_light_backscattering_coefficient aerosol_light_scattering_coefficient aerosol_light_scattering_coefficient aerosol_light_scattering_coefficient aerosol_light_scattering_coefficient aerosol_light_scattering_coefficient aerosol_light_scattering_coefficient aerosol_light_scattering_coefficient aerosol_light_scattering_coefficient aerosol_light_scattering_coefficient flag
[from data line 5295]
220.625000 220.666667  665.42  296.35    5.97600000   5.900000    6.036367    5.96933333   5.910000    6.030000    5.71966667   5.503633    5.896367    58.51683333   57.477266    59.366367   45.71983333   45.040000    46.285468   29.72000000   29.503633   29.809101 0.000000
220.666667 220.708333  665.46  296.39    5.45450000   5.243633    5.756367    5.50800000   5.257266    5.776367    4.55933333   4.300000    5.202734    46.43850000   42.932697    48.980037   36.84616667   33.861798    40.841946   24.47283333   22.547266   27.952020 0.000000
220.708333 220.750000  665.69  296.00    3.72683333   3.370000    4.112734    3.98950000   3.700000    4.265505    3.75966667   3.479064    4.002734    36.74233333   32.038128    41.010936   30.13566667   25.788128    33.086367   20.58650000   18.147266   21.926367 0.000000
220.750000 220.791667  666.17  295.40    3.18400000   3.140000    3.216367    3.48966667   3.460000    3.550000    3.41066667   3.270000    3.640000    30.22016667   29.810000    30.722734   24.46283333   24.200000    24.810000   17.06783333   16.890000   17.305468 0.000000
220.791667 220.833333  666.14  294.78    3.23800000   3.200000    3.270000    3.51916667   3.460000    3.580000    3.45400000   3.000000    3.732734    29.90483333   29.613559    30.430936   24.35083333   23.944458    24.877303   17.02750000   17.060000   17.230000 0.000000
220.833333 220.875000  665.93  294.14    2.91900000   2.691798    3.070000    3.28033333   3.210000    3.376367    3.04400000   2.850899    3.210000    26.60150000   26.260000    27.038202   22.13450000   21.970000    22.366367   15.07133333   14.787229   15.306367 0.000000
220.875000 220.916667  665.45  293.56    3.12383333   3.030000    3.226367    3.57583333   3.233633    3.810000    3.53033333   3.480000    3.620000    30.01483333   26.607266    31.947303   25.26516667   22.489926    26.996367   18.46816667   16.986933   20.172734 0.000000
220.916667 220.958333  665.04  293.08    3.49900000   3.310000    3.630000    3.83383333   3.810000    3.866367    3.71466667   3.630000    3.862734    33.59716667   32.323633    37.068683   27.71283333   26.600000    30.115505   19.50583333   18.950899   19.966367 0.000000
220.958333 221.000000  664.71  292.69    3.94400000   3.803633    4.050000    4.25900000   4.086330    4.400000    4.09300000   3.787266    4.528202    37.99100000   37.724532    38.260000   30.69633333   30.520000    30.871835   21.04466667   20.068165   21.596367 0.000000
221.000000 221.041667  664.62  292.47    3.76566667   3.523633    3.910000    4.11950000   4.083633    4.180000    3.85766667   3.740000    3.920000    35.77050000   33.768091    36.976367   29.35366667   27.745394    30.108202   21.16366667   20.850000   21.564569 0.000000
221.041667 221.083333  664.70  292.38    3.08416667   3.020000    3.136367    3.43433333   3.413633    3.480000    3.61566667   3.480000    3.716367    30.76316667   30.340899    31.044569   25.84516667   25.383633    26.140000   18.47466667   17.740000   18.657303 0.000000
221.083333 221.125000  665.07  292.35    3.27950000   3.060000    3.536367    3.81000000   3.493633    4.116367    3.52283333   3.343633    3.742734    30.79950000   29.085431    33.629138   25.77650000   24.277266    28.138313   18.69600000   17.750899   20.270074 0.000000
221.125000 221.166667  665.48  292.36    3.44300000   3.333633    3.582734    3.86416667   3.720000    4.070000    3.62833333   3.480000    3.950000    30.98666667   29.120899    34.737303   25.79316667   24.267266    29.254569   19.15933333   17.910000   20.657340 0.000000
221.166667 221.208333  666.06  292.33    3.23433333   3.137266    3.290000    3.75216667   3.583633    3.966367    3.60400000   3.490000    3.730000    30.45783333   29.423633    31.550936   25.97533333   24.840000    27.567303   19.18600000   18.073633   20.796552 0.000000
221.208333 221.250000  666.68  292.44    3.42733333   3.370000    3.490000    4.07716667   3.944532    4.190000    3.83150000   3.693633    3.890000    33.47133333   33.180000    33.796367   27.66783333   27.360000    28.026367   20.55516667   19.027266   21.516367 0.640000
221.250000 221.291667  666.89  292.95    3.25900000   3.150000    3.350000    3.81366667   3.700000    3.956367    3.56816667   3.503633    3.620000    30.56250000   29.323633    32.754606   25.15950000   24.237266    26.691084   18.11750000   17.520000   18.786367 0.000000
221.291667 221.333333  666.89  293.73    3.31283333   3.190000    3.506367    3.77066667   3.653633    3.875468    3.68333333   3.510000    3.989101    30.09550000   29.503633    30.899138   25.87116667   25.130000    27.016441   19.78333333   18.509064   21.042734 0.000000
221.333333 221.375000  666.70  294.79    4.04333333   3.660000    4.310000    4.19250000   3.880000    4.430000    3.98150000   3.830000    4.236367    35.80383333   33.183633    39.182734   29.87133333   27.510899    32.312734   22.59583333   21.477266   23.430037 0.000000
221.375000 221.416667  666.34  295.75    4.37816667   4.320000    4.452734    4.60783333   4.433633    4.802734    4.31779661   4.232046    4.390000    41.09083333   39.790000    42.474643   33.34816667   32.200000    34.871835   23.15266667   22.304532   23.711835 0.000000
221.416667 221.458333  665.99  296.43    7.55666667   4.767229    9.046367    7.37266667   5.158165    8.476367    6.86066667   4.604532    8.062734    68.13381818   56.895640    78.214530   53.77305085   43.842966    65.104082   34.68389831   28.220230   39.929540 0.000000
221.458333 221.500000  665.53  296.74    7.58933333   7.280000    7.860000    7.90800000   7.027266    8.942734    7.12750000   6.171798    7.896367    72.96000000   60.701687    81.865468   56.79083333   46.818953    63.564569   37.45466667   30.908165   42.280936 0.000000
221.500000 221.541667  665.25  296.42    6.64853659   6.143480    7.496080    6.09975610   6.010000    6.216520    5.62487805   5.450440    5.850000    57.10536585   55.954800    58.166080   44.78682927   43.971320    45.476520   29.86512195   29.480440   30.286080 0.000000
221.541667 221.583333  665.50  296.32    5.56913043   5.534914    5.600000    5.42347826   5.340000    5.510000    4.95391304   4.834914    5.060000    50.00521739   49.554914    50.425086   39.79739130   39.359656    40.220172   26.89130435   26.100000   27.465258 0.000000
221.583333 221.625000  665.29  295.88    5.53250000   5.500000    5.576367    5.51900000   5.490000    5.520000    5.24916667   5.040000    5.446367    49.74333333   48.995431    50.426367   39.83600000   39.253633    40.396367   27.43266667   27.183633   27.935505 0.000000
221.625000 221.666667  665.46  295.83    5.42183333   5.323633    5.510000    5.31433333   5.023633    5.576367    4.99200000   4.720000    5.406367    46.12633333   43.562697    49.410074   37.06116667   35.340899    39.391872   26.44183333   24.923633   28.216367 0.000000
221.666667 221.708333  665.61  296.09    4.69883333   4.373633    5.105468    4.70366667   4.370000    4.986367    4.39000000   4.150000    4.616367    41.76016667   40.553633    44.271835   34.06316667   32.967266    35.620111   23.98500000   23.330899   24.278202 0.000000
221.708333 221.750000  665.73  295.90    2.50950000   1.263633    4.500000    2.49566667   1.243633    4.466367    2.40750000   1.177266    4.262734    20.42450000   10.264495    40.521835   17.08633333    8.623596    32.650936   10.72766667    4.599064   22.672808 0.000000
221.750000 221.791667  665.91  295.30    1.24583333   1.153633    1.340000    1.36283333   1.140000    1.535468    1.20350000   1.060000    1.320000    11.78100000    9.260899    14.583781    9.68183333    7.764532    11.740148    7.19716667    4.623633   10.044569 0.000000
221.791667 221.833333  666.01  294.60    1.62000000   1.460000    1.786367    1.96100000   1.647266    2.242734    1.88716667   1.413633    2.320000    17.93583333   15.317192    19.646367   14.87783333   11.060899    16.492734   10.96200000    9.010344   12.259101 0.000000
221.833333 221.875000  666.08  293.97    2.76516667   2.436330    3.080000    3.02566667   2.747266    3.270000    2.88400000   2.470000    3.259101    24.71400000   20.154532    27.970000   20.78516667   17.501798    23.398239   15.60650000   14.217266   18.015468 0.000000
221.875000 221.916667  665.95  293.40    3.37516667   3.290899    3.490000    3.50750000   3.370000    3.640000    3.27150000   3.180000    3.336367    28.91350000   28.574532    29.136367   24.03933333   23.188128    24.569101   17.94800000   16.443633   19.272771 0.000000
221.916667 221.958333  665.42  292.91    3.05300000   2.920899    3.220000    3.09700000   2.863633    3.266367    2.71600000   2.563633    2.900000    25.90383333   26.063596    27.601835   21.22216667   21.507266    22.496367   14.07600000   12.958916   15.171835 0.000000
221.958333 222.000000  664.84  292.45    0.99983333   0.473633    2.235542    1.51200000   1.103633    1.995468    0.78316667   0.570000    0.841835     4.19283333    2.707266     5.757340    3.79450000    2.373633     5.264606    2.87766667    1.583633    4.547340 0.000000
222.000000 222.041667  664.79  292.00    0.66166667   0.410000    0.522734    1.08583333   0.763633    1.020000    0.79016667   0.490000    0.622734     5.76283333    2.180000    10.522993    4.96766667    2.250000     8.878498    3.80350000    1.740000    6.812993 0.000000
222.041667 222.083333  665.02  291.66    1.50016667   0.883633    2.120936    1.50083333   0.840000    3.130936    1.45166667   0.857266    2.478276     9.36916667    5.287266    13.656663    8.23900000    4.800899    12.583104    5.82250000    3.100000    8.714717 0.000000
222.083333 222.125000  665.19  291.32    0.58929825   0.368872    0.772256    0.60553571   0.347285    0.740000    0.65982456   0.408872    0.770000     3.55789474    1.945488     4.456768    3.30035088    1.798872     4.043384    2.44807018    1.439848    2.870000 0.000000
222.125000 222.166667  665.56  291.02    0.32883333   0.290000    0.356367    0.45233333   0.430000    0.470000    0.46700000   0.440000    0.496367     1.54200000    1.463633     1.642734    1.64666667    1.540000     1.730000    1.55700000    1.360000    1.856367 0.000000
222.166667 222.208333  665.98  290.73    0.31766667   0.310000    0.330000    0.43733333   0.420000    0.456367    0.50283333   0.500000    0.510000     1.47550000    1.450000     1.490000    1.69200000    1.643633     1.720000    1.46050000    1.393633    1.530000 0.000000
222.208333 222.250000  666.67  291.07    0.93683333   0.320000    2.077340    1.20466667   0.460000    2.610000    1.24516667   0.460000    2.523670     8.88966667    1.520000    20.620296    7.91400000    1.693633    17.405764    5.92083333    1.403633   13.445468 0.000000
222.250000 222.291667  667.14  292.30    3.45233333   3.197266    3.796367    3.32133333   3.037266    3.580000    3.25983333   2.923633    3.756367    30.32083333   26.347155    35.390936   25.54783333   22.167266    28.195468   19.25883333   17.411761   21.144606 0.000000
222.291667 222.333333  667.40  293.92    4.06300000   4.007266    4.146367    4.12450000   3.908165    4.276367    4.05016667   3.867266    4.230000    36.56916667   34.880899    38.419212   29.92850000   27.723633    32.857303   21.60700000   20.160862   23.472734 0.000000
222.333333 222.375000  667.26  295.48    4.64750000   4.383633    4.836367    4.66366667   4.363633    4.956367    4.43250000   4.100899    4.686367    41.90650000   38.119926    44.670936   34.44933333   32.207192    36.680936   24.52316667   23.429963   25.467303 0.000000
222.375000 222.416667  666.95  296.61    4.96150000   4.803633    5.145468    4.93450000   4.737266    5.096367    4.18366667   3.570000    4.662734    40.92100000   36.700000    45.573707   33.03266667   29.432697    38.408313   23.10883333   19.733596   27.295838 0.000000
222.416667 222.458333  666.64  297.22    4.70766667   4.683633    4.750000    4.63600000   4.523633    4.759101    3.96666667   3.713633    4.166367    39.33516667   38.974532    40.072734   31.76833333   31.028165    32.695468   21.43166667   20.500899   22.585468 0.000000
222.458333 222.500000  666.18  297.55    3.85516667   3.580000    4.446367    3.87333333   3.573633    4.426367    3.42683333   3.253633    3.596367    32.93916667   29.428165    38.451835   26.39650000   23.697229    30.157303   17.47216667   16.280000   19.389138 0.000000
222.500000 222.541667  665.92  297.61    3.58000000   3.540000    3.610000    3.65333333   3.533633    3.756367    3.33783333   3.180000    3.510000    30.14100000   29.723633    30.459101   24.80016667   24.253633    25.662771   18.38716667   16.883633   20.746367 0.000000
222.541667 222.583333  665.69  297.73    4.93333333   4.693633    5.336367    5.18450000   4.527229    5.626367    4.57816667   4.043596    5.289101    44.24600000   37.873596    53.976367   35.44100000   30.388165    42.280074   24.14616667   21.556330   28.216367 0.000000
222.583333 222.625000  665.80  297.71    5.64750000   5.543633    5.779101    5.54383333   5.393633    5.726367    5.01983333   4.767266    5.319101    50.85133333   48.254532    54.080037   39.86883333   38.498165    41.836404   27.43066667   27.052697   27.900000 0.000000
222.625000 222.666667  666.02  297.31    5.71300000   5.630000    5.810000    5.64216667   5.520000    5.806367    5.25000000   5.023633    5.549101    48.83983333   47.183633    50.604569   39.50450000   38.127266    40.645468   28.29100000   26.868165   29.466367 0.000000
222.666667 222.708333  666.09  297.20    5.13133333   4.373633    5.590000    4.73183333   4.227266    5.370000    4.45533333   3.843633    4.890000    41.41716667   36.906330    46.201835   33.42033333   29.760000    36.826404   23.90866667   21.511798   26.636367 0.000000
222.708333 222.750000  666.32  296.90    3.56200000   2.553633    3.990000    3.52883333   2.730000    4.086367    3.39133333   3.000899    3.675468    29.51200000   21.901761    35.547303   24.84850000   19.611798    29.059101   17.48750000   13.670899   20.165468 0.000000
222.750000 222.791667  666.62  296.25    2.69733333   2.613633    2.780000    2.66950000   2.573633    2.750000    2.61000000   2.450000    2.856367    22.12650000   21.089064    22.780000   18.71900000   17.771798    19.322734   14.03033333   13.494532   14.396367 0.000000
222.791667 222.833333  667.04  295.49    2.04116667   1.614532    2.366367    2.05750000   1.787266    2.332734    1.60366667   1.333633    1.886367    11.35450000    9.818165    12.410037    9.77650000    8.498165    11.310037    8.42566667    6.707266   10.865727 0.000000
222.833333 222.875000  667.04  294.72    1.39100000   1.370000    1.410000    1.58350000   1.467266    1.670000    1.29283333   1.250000    1.326367     9.93666667    9.698165    10.122734    8.75716667    8.490000     8.970000    6.99466667    6.670000    7.220000 0.000000
222.875000 222.916667  666.84  294.02    1.39283333   1.390000    1.400000    1.51550000   1.483633    1.556367    1.44183333   1.360000    1.516367    10.69133333   10.233633    11.570936    9.75333333    9.244532    10.939138    7.41300000    6.948165    7.769101 0.000000
222.916667 222.958333  666.34  293.39    1.65766667   1.410000    1.946367    1.81050000   1.490000    2.086367    1.95700000   1.517266    2.282734    13.71966667   11.109064    15.457340   12.88300000   10.068128    14.736404   10.62516667    7.990000   12.184569 0.000000
222.958333 223.000000  665.83  292.91    2.08550000   2.040000    2.120000    2.16833333   2.087266    2.205468    2.34983333   2.240000    2.416367    16.90550000   16.358165    17.470000   15.66066667   15.017266    16.420000   12.87283333   12.256330   13.436367 0.000000
