data/ebas/aerosol/KE0001G.20150101000000.20160321124934.nephelometer..aerosol.1y.1h.CH02L_Ecotech_Aurora3000_TLL_dry.CH02L_scat_coef.lev2.nas
88 1001
Bukowiecki, Nicolas
CH02L, Paul Scherrer Institut, PSI, Laboratory of Atmospheric Chemistry (LAC), OFLB, , 5232, Villigen PSI, Switzerland
Okuku, Constance
GAW-WDCA
1 1
2015 01 01 2016 03 21
0.041667
days from file reference point
22
1 1 1 1 1 1 1 1 1 1 1 1 1 1 1 1 1 1 1 1 1 1
999.999999 9999.99 9999.99 9999.99999999 999.999999 9999.999999 9999.99999999 999.999999 9999.999999 9999.99999999 999.999999 9999.999999 99999.99999999 9999.999999 99999.999999 9999.99999999 9999.999999 99999.999999 9999.99999999 9999.999999 9999.999999 9.999999
end_time of measurement, days from the file reference point
pressure, hPa, Location=instrument internal, Statistics=arithmetic mean, Matrix=instrument
temperature, K, Location=instrument internal, Statistics=arithmetic mean, Matrix=instrument
aerosol_light_backscattering_coefficient, 1/Mm, Wavelength=450.0 nm, Statistics=arithmetic mean
aerosol_light_backscattering_coefficient, 1/Mm, Wavelength=450.0 nm, Statistics=percentile:15.87
aerosol_light_backscattering_coefficient, 1/Mm, Wavelength=450.0 nm, Statistics=percentile:84.13
aerosol_light_backscattering_coefficient, 1/Mm, Wavelength=525.0 nm, Statistics=arithmetic mean
aerosol_light_backscattering_coefficient, 1/Mm, Wavelength=525.0 nm, Statistics=percentile:15.87
aerosol_light_backscattering_coefficient, 1/Mm, Wavelength=525.0 nm, Statistics=percentile:84.13
aerosol_light_backscattering_coefficient, 1/Mm, Wavelength=635.0 nm, Statistics=arithmetic mean
aerosol_light_backscattering_coefficient, 1/Mm, Wavelength=635.0 nm, Statistics=percentile:15.87
aerosol_light_backscattering_coefficient, 1/Mm, Wavelength=635.0 nm, Statistics=percentile:84.13
aerosol_light_scattering_coefficient, 1/Mm, Wavelength=450.0 nm, Statistics=arithmetic mean
aerosol_light_scattering_coefficient, 1/Mm, Wavelength=450.0 nm, Statistics=percentile:15.87
aerosol_light_scattering_coefficient, 1/Mm, Wavelength=450.0 nm, Statistics=percentile:84.13
aerosol_light_scattering_coefficient, 1/Mm, Wavelength=525.0 nm, Statistics=arithmetic mean
aerosol_light_scattering_coefficient, 1/Mm, Wavelength=525.0 nm, Statistics=percentile:15.87
aerosol_light_scattering_coefficient, 1/Mm, Wavelength=525.0 nm, Statistics=percentile:84.13
aerosol_light_scattering_coefficient, 1/Mm, Wavelength=635.0 nm, Statistics=arithmetic mean
aerosol_light_scattering_coefficient, 1/Mm, Wavelength=635.0 nm, Statistics=percentile:15.87
aerosol_light_scattering_coefficient, 1/Mm, Wavelength=635.0 nm, Statistics=percentile:84.13
numflag, no unit
0
52
Data definition:              EBAS_1.1
Set type code:                TU
Timezone:                     UTC
File name:                    KE0001G.20150101000000.20160321124934.nephelometer..aerosol.1y.1h.CH02L_Ecotech_Aurora3000_TLL_dry.CH02L_scat_coef.lev2.nas
File creation:                20220608070152536000
Export state:                 20220608065414856000
Export filter:                exclude-900,exclude-invalid
Startdate:                    20150101000000
Revision date:                20160321124934
Version:                      1
Version description:          Version numbering not tracked, generated by data.aggregate.ebas r4437
Data level:                   2
Period code:                  1y
Resolution code:              1h
Sample duration:              1h
Orig. time res.:              1mn
[...]
Instrument serial number:     12-0246
Method ref:                   CH02L_scat_coef
Standard method:              cal-gas=CO2+AIR_truncation-correction=Müller2011
Inlet type:                   Hat or hood
Humidity/temperature control: Other (see metadata)
Humidity/temperature control description: Temperature conditioning at room temperature 25 degC
Volume std. temperature:      273.15 K
Volume std. pressure:         1013.25 hPa
Zero/negative values:         Zero and neg. values may appear due to statistical variations at very low concentrations
Originator:                   Bukowiecki, Nicolas, , , , , , , , , 
Submitter:                    Okuku, Constance, colnex2004@yahoo.co.uk, Kenya Meteorological Department, KMD, Mt kenya GAW station, , , , Nairobi, Kenya
Acknowledgement:              Project CATCOS, Request acknowledgement details from data originator and prinicipal investigator.
starttime endtime P T aerosol_light_backscattering_coefficient aerosol_light_backscattering_coefficient aerosol_light_backscattering_coefficient aerosol_light_backscattering_coefficient aerosol_light_backscattering_coefficient aerosol_light_backscattering_coefficient aerosol_light_backscattering_coefficient aerosol_light_backscattering_coefficient aerosol_light_backscattering_coefficient aerosol_light_scattering_coefficient aerosol_light_scattering_coefficient aerosol_light_scattering_coefficient aerosol_light_scattering_coefficient aerosol_light_scattering_coefficient aerosol_light_scattering_coefficient aerosol_light_scattering_coefficient aerosol_light_scattering_coefficient aerosol_light_scattering_coefficient flag
[from data line 5761]
240.041667 240.083333  664.76  296.96    3.34916667   3.293633    3.410000    3.62750000   3.513633    3.800000    3.57116667   3.353633    3.754569    31.71100000   31.103633    32.539101   26.91983333   26.413633    27.530936   19.82916667   19.310000   20.649101 0.000000
240.083333 240.125000  665.01  296.59    3.62316667   3.483633    3.762734    3.78950000   3.720000    3.862734    3.55766667   3.430000    3.760000    33.14300000   32.363633    33.915468   28.23300000   27.410899    29.062734   21.34500000   20.539963   22.032734 0.000000
240.125000 240.166667  665.16  296.21    3.74500000   3.663633    3.830000    4.03183333   3.923633    4.156367    3.81800000   3.720000    3.961835    35.54266667   34.680899    36.129101   29.97366667   29.587266    30.439101   21.86400000   20.988165   23.079101 0.000000
240.166667 240.208333  665.60  295.85    3.78545455   3.510000    4.050000    3.64872727   3.480000    3.804302    3.86545455   3.215698    4.471510    32.61418182   29.075128    35.610000   27.50818182   24.686524    30.184302   20.66581818   18.551994   22.617322 0.000000
240.208333 240.250000  666.18  296.19    3.59366667   3.500000    3.716367    3.77166667   3.203633    4.394569    3.51700000   3.090000    3.786367    32.97933333   28.894273    35.786404   27.67616667   25.785209    29.609101   20.19550000   18.138128   21.605505 0.000000
240.250000 240.291667  666.91  297.36    3.95083333   3.770000    4.216367    4.40200000   4.003633    5.215468    4.13716667   3.657266    5.130936    41.29116667   35.460000    47.929101   34.71050000   30.375431    39.635505   25.09933333   21.900899   28.800973 0.000000
240.291667 240.333333  667.18  299.07    5.84883333   5.417266    6.482734    6.47366667   5.243633    7.356367    5.83333333   4.917266    6.426367    57.55900000   50.624421    64.306367   47.45116667   42.122623    52.722734   33.48200000   28.809027   36.756404 0.000000
240.333333 240.375000  667.30  300.87    7.43600000   6.887266    7.810000    7.25100000   7.050000    7.402734    6.79650000   6.490899    7.176367    66.75350000   61.937192    71.158202   54.28666667   50.320862    57.210000   38.25600000   36.477266   39.952771 0.000000
240.375000 240.416667  667.15  301.83    6.25333333   5.596330    6.820000    6.31100000   5.947266    6.890000    5.59800000   5.033633    6.182734    57.73216667   54.030862    61.909101   46.26383333   43.330899    50.258276   32.57066667   29.822697   35.926404 0.000000
240.416667 240.458333  666.64  302.01    5.29766667   5.200000    5.390000    5.14650000   4.960000    5.340000    4.55166667   4.323633    4.901835    50.33100000   49.304532    51.356367   40.45633333   39.628165    41.280000   27.90000000   27.310000   28.449101 0.000000
240.458333 240.500000  666.29  301.91    2.32350000   0.943633    5.102734    2.20383333   0.973633    4.845505    1.91650000   0.870899    4.102845    21.29566667    8.568165    47.197636   16.83133333    6.597266    37.982845   11.54433333    4.238165   26.171983 0.000000
240.500000 240.541667  665.94  301.93    1.87600000   1.850000    1.900000    1.73600000   1.693633    1.780000    1.49716667   1.480000    1.540000    19.04783333   17.969064    20.412771   14.95400000   14.099064    15.990037   10.24716667    9.570899   11.039101 0.000000
240.541667 240.583333  665.79  302.19    2.03150000   1.740000    2.770000    2.14066667   1.630000    3.056367    1.81566667   1.228165    2.882734    20.74716667   15.954532    29.646478   16.39000000   12.544532    23.588202   10.86000000    7.720899   15.725653 0.000000
240.583333 240.625000  665.72  302.59    2.96933333   2.753633    3.126367    3.19716667   2.407266    3.636367    2.53883333   1.920899    3.019101    29.81016667   24.649963    32.938202   24.08216667   18.423596    27.171835   15.36783333   11.496330   16.962734 0.000000
240.625000 240.666667  665.96  303.35    3.12450000   3.003633    3.190000    3.05033333   2.721798    3.236367    2.60383333   1.914495    2.992734    28.31650000   19.396711    30.819101   22.69616667   16.385997    24.846367   15.26216667   12.445849   16.780000 0.000000
240.666667 240.708333  666.16  303.80    2.81466667   2.790000    2.860000    2.56850000   2.430899    2.670000    2.01333333   1.963633    2.070000    20.87583333   19.582697    22.105468   16.16216667   15.039963    17.255468   11.21183333   10.121798   12.235468 0.000000
240.708333 240.750000  666.38  303.20    2.80400000   2.770000    2.820000    2.75350000   2.613633    2.916367    2.49433333   2.110000    2.782734    24.54066667   22.858165    25.737303   19.72350000   18.418165    20.993670   13.70583333   13.134495   14.200000 0.000000
240.750000 240.791667  666.69  302.24    2.95333333   2.877266    2.996367    2.78733333   2.703633    2.850000    2.46400000   2.390000    2.560000    25.96783333   25.591798    26.276367   20.63666667   20.203633    21.076367   15.26900000   14.050899   16.585505 0.000000
240.791667 240.833333  667.03  301.37    2.87950000   2.833633    2.960000    2.78983333   2.680000    2.910000    2.42050000   2.293633    2.550000    25.33116667   25.170899    25.556367   19.99233333   19.744532    20.395468   13.79966667   13.245431   14.193670 0.000000
240.833333 240.875000  666.77  300.57    2.76683333   2.590000    3.045542    2.85433333   2.550000    3.274569    2.51083333   2.150899    2.902734    25.65750000   23.904532    30.418202   20.58233333   19.330899    23.597303   14.06700000   13.077266   15.920936 0.000000
240.875000 240.916667  666.49  299.85    3.43466667   3.410000    3.470000    3.37616667   3.293633    3.541835    2.89900000   2.584532    3.086367    29.98616667   29.504532    30.466367   23.73466667   23.157266    24.316367   16.59150000   15.489027   17.198202 0.000000
240.916667 240.958333  665.99  299.30    3.53650000   3.500000    3.610000    3.51500000   3.370000    3.616367    3.11650000   3.020000    3.210000    32.31516667   31.047266    33.619101   26.39183333   25.060899    27.731872   18.83416667   17.936330   19.871835 0.000000
240.958333 241.000000  665.86  298.76    3.44000000   3.380000    3.510000    3.45100000   3.340000    3.556367    3.19400000   3.053633    3.306367    31.61450000   30.815431    32.366367   25.61200000   24.774532    26.309101   17.64133333   16.515394   18.250000 0.000000
241.000000 241.041667  665.96  298.37    3.22933333   3.013633    3.370000    3.25983333   3.120000    3.432734    3.07316667   2.980000    3.186367    30.20366667   28.704532    31.269101   24.71500000   23.427266    25.792734   17.40316667   16.853633   18.100037 0.000000
241.041667 241.083333  666.04  298.09    2.96600000   2.620000    3.196367    2.99533333   2.970000    3.070000    2.99216667   2.703633    3.199101    27.25966667   25.836293    28.084569   22.36933333   21.350000    22.917303   15.21250000   12.770862   16.566367 0.000000
241.083333 241.125000  666.12  297.80    2.49200000   2.403633    2.560000    2.57466667   2.493633    2.666367    2.55700000   2.313633    2.766367    22.89183333   21.723633    23.858239   18.77783333   17.850000    19.326367   12.76200000   12.273633   13.461835 0.000000
241.125000 241.166667  666.53  297.51    2.73650000   2.613633    2.880000    2.97600000   2.688165    3.156367    2.70083333   2.360000    3.136367    24.99883333   22.740751    26.243670   20.63450000   19.440899    22.570037   14.58016667   12.056330   18.366367 0.000000
241.166667 241.208333  667.10  297.28    2.86266667   2.670000    3.010000    2.88366667   2.500000    3.286367    3.08600000   2.537266    3.681835    26.73233333   22.183522    30.050000   21.89250000   17.807266    25.120000   15.53716667   12.343522   18.758239 0.000000
241.208333 241.250000  667.83  297.64    2.91533333   2.730000    3.096367    3.43800000   2.778990    3.666367    3.14700000   2.813633    3.390000    30.17583333   24.315394    32.574569   25.74150000   19.869889    27.886367   18.04333333   14.826293   19.195468 0.000000
241.250000 241.291667  668.16  298.47    3.29066667   3.250000    3.346367    3.29383333   2.923633    3.526367    3.18416667   2.950000    3.392734    31.64633333   29.789334    33.020000   26.00200000   23.151391    27.900000   17.44916667   14.951724   19.542734 0.000000
241.291667 241.333333  668.19  299.52    3.13166667   3.020000    3.250000    3.06866667   3.043633    3.100000    2.92316667   2.820000    3.045468    28.79733333   27.640000    30.271983   23.43566667   22.350000    24.042734   16.38166667   15.545431   17.026367 0.000000
241.333333 241.375000  667.93  300.52    3.95783333   3.290000    5.264569    4.18950000   3.223633    5.190000    3.57900000   2.993633    4.482734    38.62233333   31.721798    46.835542   30.83333333   25.547266    37.287340   20.70783333   16.588165   25.220037 0.000000
241.375000 241.416667  667.47  301.38    4.57083333   4.180000    5.336367    4.62133333   4.247266    5.029101    3.74050000   3.340000    4.419101    42.82283333   37.187266    48.988276   34.51033333   29.797266    38.316367   23.70416667   21.632697   25.459101 0.000000
241.416667 241.458333  666.84  301.68    3.94150000   3.653633    4.146367    3.71900000   3.460000    4.086367    3.31016667   3.143633    3.432734    36.58583333   35.285320    37.420000   28.93366667   27.768165    29.825468   19.24283333   16.937266   21.252734 0.000000
241.458333 241.500000  666.14  301.35    4.16333333   3.913633    4.396367    4.48133333   4.353633    4.656367    3.70766667   3.270000    4.326367    43.38533333   41.683522    45.260037   35.33650000   33.783633    36.798202   24.83633333   24.090899   26.025468 0.000000
241.500000 241.541667  665.79  300.85    4.93536585   4.506960    5.176520    4.72414634   4.650000    4.700000    4.47390244   4.360000    4.570000    46.66317073   45.843480    46.726080   37.98707317   37.460000    38.240000   27.83365854   27.133480   27.742600 0.000000
241.541667 241.583333  665.88  301.09    4.49434783   4.049656    4.891376    3.48956522   2.985528    3.954988    3.13478261   2.133538    3.910860    27.55500000   14.835453    42.551401   22.39400000   12.025508    34.866285   14.53909091    7.686540   21.957566 0.000000
241.583333 241.625000  665.69  301.14    4.65383333   3.830000    5.322734    4.44533333   3.280000    5.422734    3.90516667   2.827266    4.936367    47.91620690   38.787901    55.939541   38.60327586   29.713507    45.506787   27.85741379   18.621310   32.576787 0.000000
241.625000 241.666667  665.98  300.96    5.42566667   5.190000    5.656367    4.84983333   4.530000    5.040000    4.62383333   4.293633    4.946367    50.91233333   48.862697    52.360000   41.26366667   39.077266    42.836367   29.87516667   26.635394   31.945468 0.000000
241.666667 241.708333  666.07  300.72    4.07333333   3.048165    5.376367    3.91183333   3.137266    4.986367    3.32166667   2.313633    4.109101    36.61050000   28.665738    51.641872   30.52883333   25.302697    41.764680   22.21133333   19.227266   29.065198 0.000000
241.708333 241.750000  666.23  300.49    2.98233333   2.883633    3.089101    2.87200000   2.744495    3.155468    2.93316667   2.543633    3.369101    29.62833333   26.887266    34.496367   25.16650000   23.660000    28.257303   18.99100000   17.724532   20.427303 0.000000
241.750000 241.791667  666.64  300.23    2.16466667   1.540000    3.096367    1.85533333   1.580000    2.132771    2.07333333   1.483633    2.921835    17.51433333   13.753633    24.282268   15.53866667   12.486330    25.284606   12.33200000   10.153633   17.584606 0.000000
241.791667 241.833333  667.15  299.76    1.72883333   1.543633    1.910000    1.91116667   1.570000    2.349101    2.09416667   1.555431    2.616367    17.95833333   13.830000    23.516404   16.22350000   12.790000    19.761909   12.03400000    9.400788   16.163855 0.000000
241.833333 241.875000  667.23  299.17    2.29400000   1.923633    2.690000    2.49283333   2.264532    2.686367    2.65250000   2.377266    2.952734    19.65716667   18.544532    20.470000   19.14300000   17.311798    20.129101   17.68900000   13.394495   20.346367 0.000000
241.875000 241.916667  666.95  298.68    2.31516667   2.260000    2.406367    2.54683333   2.490000    2.610000    2.68333333   2.610000    2.770000    20.66283333   20.290000    21.182734   19.93916667   19.120000    20.715468   18.10000000   16.083633   19.480000 0.000000
241.916667 241.958333  666.61  298.25    2.43716667   2.320000    2.566367    2.66233333   2.483633    2.758202    2.83883333   2.610000    3.050000    20.84716667   20.344532    21.333670   19.99466667   19.411798    20.216367   17.83500000   17.159963   18.336367 0.000000
241.958333 242.000000  666.26  297.92    2.66716667   2.510000    2.842734    2.70500000   2.503633    2.886367    2.71183333   2.410000    2.970000    23.05833333   22.391798    23.866441   21.36266667   20.944532    22.438202   18.52466667   17.703633   19.510074 0.000000
242.000000 242.041667  666.18  297.65    2.48866667   2.410000    2.496367    2.32433333   2.290000    2.346367    2.41700000   2.370000    2.482734    21.54700000   20.644532    22.308202   19.30650000   18.540000    20.000936   15.86983333   15.440899   16.419101 0.000000
242.041667 242.083333  666.06  297.27    2.84583333   2.760000    2.926367    2.55033333   2.510000    2.610000    2.83833333   2.717266    2.936367    25.58700000   25.247229    26.152734   22.18200000   21.903633    22.745468   17.56616667   17.090000   18.200936 0.000000
242.083333 242.125000  666.23  296.90    3.17383333   2.840000    3.500000    3.21616667   2.977229    3.410000    3.24183333   2.990000    3.480000    30.31783333   26.814532    33.762734   26.64416667   22.869064    29.703670   20.47216667   18.365394   23.149138 0.000000
242.125000 242.166667  666.49  296.56    3.42400000   3.360000    3.520000    3.43400000   3.370000    3.496367    3.79533333   3.523633    4.090000    34.83533333   33.934532    35.856367   30.57383333   29.997266    31.420000   23.46983333   22.613633   24.850936 0.000000
242.166667 242.208333  667.07  296.34    3.53183333   3.463633    3.590000    3.79200000   3.580000    3.996367    3.88566667   3.740000    4.136367    36.15033333   35.697266    36.654569   31.67883333   31.193633    31.952734   24.59766667   23.332697   25.806404 0.000000
242.208333 242.250000  667.64  296.82    3.58966667   3.510000    3.650000    3.59783333   3.523633    3.646367    3.67150000   3.530000    3.786367    34.91600000   33.630899    35.606367   30.16083333   29.120862    30.746367   23.11166667   22.124532   23.909101 0.000000
242.250000 242.291667  667.95  298.03    3.49966667   3.350000    3.630000    3.66950000   3.583633    3.766367    3.60733333   3.461798    3.750000    34.07183333   33.830000    34.450000   29.34550000   28.693633    30.365468   22.88950000   21.244532   25.441872 0.000000
242.291667 242.333333  668.23  299.40    3.62833333   3.560000    3.710000    3.51533333   3.300000    3.689101    3.46950000   3.253633    3.668202    35.40050000   34.220000    37.265653   29.66083333   28.863633    30.733670   21.30400000   20.820899   21.944569 0.000000
242.333333 242.375000  668.22  300.58    4.52266667   3.850000    5.232734    4.43716667   3.730000    4.869101    4.15300000   3.900000    4.386367    44.84416667   39.088128    49.455579   37.79250000   32.857192    41.436367   27.36666667   26.614532   28.196367 0.000000
242.375000 242.416667  667.96  301.52    5.28950000   5.243633    5.340000    4.86800000   4.543633    5.365468    4.31616667   4.223633    4.390000    49.55616667   48.880000    50.296367   40.67200000   39.873633    41.442734   28.34200000   27.641798   29.011835 0.000000
