data/ebas/aerosol/KE0001G.20150101000000.20160321124934.nephelometer..aerosol.1y.1h.CH02L_Ecotech_Aurora3000_TLL_dry.CH02L_scat_coef.lev2.nas
88 1001
Bukowiecki, Nicolas
CH02L, Paul Scherrer Institut, PSI, Laboratory of Atmospheric Chemistry (LAC), OFLB, , 5232, Villigen PSI, Switzerland
Okuku, Constance
GAW-WDCA
1 1
2015 01 01 2016 03 21
0.041667
days from file reference point
22
1 1 1 1 1 1 1 1 1 1 1 1 1 1 1 1 1 1 1 1 1 1
999.999999 9999.99 9999.99 9999.99999999 999.999999 9999.999999 9999.99999999 999.999999 9999.999999 9999.99999999 999.999999 9999.999999 99999.99999999 9999.999999 99999.999999 9999.99999999 9999.999999 99999.999999 9999.99999999 9999.999999 9999.999999 9.999999
end_time of measurement, days from the file reference point
pressure, hPa, Location=instrument internal, Statistics=arithmetic mean, Matrix=instrument
temperature, K, Location=instrument internal, Statistics=arithmetic mean, Matrix=instrument
aerosol_light_backscattering_coefficient, 1/Mm, Wavelength=450.0 nm, Statistics=arithmetic mean
aerosol_light_backscattering_coefficient, 1/Mm, Wavelength=450.0 nm, Statistics=percentile:15.87
aerosol_light_backscattering_coefficient, 1/Mm, Wavelength=450.0 nm, Statistics=percentile:84.13
aerosol_light_backscattering_coefficient, 1/Mm, Wavelength=525.0 nm, Statistics=arithmetic mean
aerosol_light_backscattering_coefficient, 1/Mm, Wavelength=525.0 nm, Statistics=percentile:15.87
aerosol_light_backscattering_coefficient, 1/Mm, Wavelength=525.0 nm, Statistics=percentile:84.13
aerosol_light_backscattering_coefficient, 1/Mm, Wavelength=635.0 nm, Statistics=arithmetic mean
aerosol_light_backscattering_coefficient, 1/Mm, Wavelength=635.0 nm, Statistics=percentile:15.87
aerosol_light_backscattering_coefficient, 1/Mm, Wavelength=635.0 nm, Statistics=percentile:84.13
aerosol_light_scattering_coefficient, 1/Mm, Wavelength=450.0 nm, Statistics=arithmetic mean
aerosol_light_scattering_coefficient, 1/Mm, Wavelength=450.0 nm, Statistics=percentile:15.87
aerosol_light_scattering_coefficient, 1/Mm, Wavelength=450.0 nm, Statistics=percentile:84.13
aerosol_light_scattering_coefficient, 1/Mm, Wavelength=525.0 nm, Statistics=arithmetic mean
aerosol_light_scattering_coefficient, 1/Mm, Wavelength=525.0 nm, Statistics=percentile:15.87
aerosol_light_scattering_coefficient, 1/Mm, Wavelength=525.0 nm, Statistics=percentile:84.13
aerosol_light_scattering_coefficient, 1/Mm, Wavelength=635.0 nm, Statistics=arithmetic mean
aerosol_light_scattering_coefficient, 1/Mm, Wavelength=635.0 nm, Statistics=percentile:15.87
aerosol_light_scattering_coefficient, 1/Mm, Wavelength=635.0 nm, Statistics=percentile:84.13
numflag, no unit
0
52
Data definition:              EBAS_1.1
Set type code:                TU
Timezone:                     UTC
File name:                    KE0001G.20150101000000.20160321124934.nephelometer..aerosol.1y.1h.CH02L_Ecotech_Aurora3000_TLL_dry.CH02L_scat_coef.lev2.nas
File creation:                20220608070152536000
Export state:                 20220608065414856000
Export filter:                exclude-900,exclude-invalid
Startdate:                    20150101000000
Revision date:                20160321124934
Version:                      1
Version description:          Version numbering not tracked, generated by data.aggregate.ebas r4437
Data level:                   2
Period code:                  1y
Resolution code:              1h
Sample duration:              1h
Orig. time res.:              1mn
[...]
Instrument serial number:     12-0246
Method ref:                   CH02L_scat_coef
Standard method:              cal-gas=CO2+AIR_truncation-correction=Müller2011
Inlet type:                   Hat or hood
Humidity/temperature control: Other (see metadata)
Humidity/temperature control description: Temperature conditioning at room temperature 25 degC
Volume std. temperature:      273.15 K
Volume std. pressure:         1013.25 hPa
Zero/negative values:         Zero and neg. values may appear due to statistical variations at very low concentrations
Originator:                   Bukowiecki, Nicolas, , , , , , , , , 
Submitter:                    Okuku, Constance, colnex2004@yahoo.co.uk, Kenya Meteorological Department, KMD, Mt kenya GAW station, , , , Nairobi, Kenya
Acknowledgement:              Project CATCOS, Request acknowledgement details from data originator and prinicipal investigator.
starttime endtime P T aerosol_light_backscattering_coefficient aerosol_light_backscattering_coefficient aerosol_light_backscattering_coefficient aerosol_light_backscattering_coefficient aerosol_light_backscattering_coefficient aerosol_light_backscattering_coefficient aerosol_light_backscattering_coefficient aerosol_light_backscattering_coefficient aerosol_light_backscattering_coefficient aerosol_light_scattering_coefficient aerosol_light_scattering_coefficient aerosol_light_scattering_coefficient aerosol_light_scattering_coefficient aerosol_light_scattering_coefficient aerosol_light_scattering_coefficient aerosol_light_scattering_coefficient aerosol_light_scattering_coefficient aerosol_light_scattering_coefficient flag
[from data line 5935]
247.291667 247.333333  668.22  298.87    7.67694915   5.651150    9.140000    7.14066667   5.144532    8.500000    6.75850000   4.881798    8.015468    80.53416667   58.876970    97.091909   63.01350000   44.283559    76.540936   41.52350000   29.978165   49.725505 0.000000
247.333333 247.375000  667.97  299.50    9.10016667   9.070000    9.140000    8.51450000   8.433633    8.712734    7.90500000   7.627266    8.320000    92.94383333   92.429064    93.379138   73.05366667   72.489064    73.446367   47.39783333   46.797266   47.915468 0.000000
247.375000 247.416667  667.72  300.21    9.13383333   8.993633    9.186367    8.48783333   8.290000    8.810000    7.81900000   7.720899    7.992734    92.78150000   92.387266    93.430000   72.73933333   72.318165    73.762734   47.85183333   47.200899   48.876367 0.000000
247.416667 247.458333  667.25  300.54    8.24116667   7.353633    8.990000    7.31133333   6.054532    8.336367    6.93616667   5.830899    7.836367    77.95431034   63.851475    91.309082   60.16440678   48.271658    71.547954   37.79316667   28.249852   47.161835 0.000000
247.458333 247.500000  666.70  300.48    6.72683333   6.470899    7.006367    5.88050000   5.667266    6.112734    5.47550000   5.283633    5.692734    64.07533333   57.107118    74.853744   49.94666667   43.958128    58.434643   32.35833333   28.403559   37.787377 0.000000
247.500000 247.541667  666.51  300.04    3.98146341   3.276960    4.879120    3.33073171   2.413480    5.187360    3.30414634   2.360000    4.963040    37.81725000   31.580288    47.060165   29.41658537   24.036960    36.704600   18.42926829   15.320000   22.621200 0.000000
247.541667 247.583333  666.58  300.26    0.90041667   0.803002    1.003499    0.93625000   0.840000    1.023499    0.74166667   0.643002    0.800000    15.56500000   14.893002    16.131988   11.89958333   11.386004    12.337992    7.36458333    6.936501    7.357992 0.000000
247.583333 247.625000  666.28  300.34    3.08100000   1.298165    3.790000    3.40250000   2.492697    3.920000    2.64616667   1.769064    3.090000    33.29650000   26.702216    37.559138   26.12683333   22.595061    29.761835   17.36766667   13.140000   20.890936 0.000000
247.625000 247.666667  666.28  300.78    3.78433333   3.750000    3.826367    3.63600000   3.390000    3.870000    3.00733333   2.863633    3.136367    37.58566667   37.173633    37.856367   29.62316667   29.280000    30.132734   19.10200000   18.011798   20.851835 0.000000
247.666667 247.708333  666.56  301.19    3.77050000   3.640000    3.970037    3.68150000   3.480000    4.010037    2.99883333   2.930000    3.062734    38.46550000   37.143633    38.414754   30.11633333   29.020000    29.575468   19.06583333   18.040000   19.279323 0.000000
247.708333 247.750000  666.73  301.15    4.37666667   4.203633    4.560000    4.08516667   3.580000    4.792734    3.31300000   2.870000    4.040000    41.42583333   35.299963    50.245468   32.51133333   27.644532    39.556367   21.56866667   18.047266   25.965653 0.000000
247.750000 247.791667  666.89  300.70    4.91633333   4.190000    5.336367    4.45000000   3.923633    5.190000    3.72800000   3.110000    4.080000    46.62516667   43.150788    49.681872   37.40583333   33.779815    40.111872   25.33033333   22.076108   27.425468 0.000000
247.791667 247.833333  667.10  300.13    4.64250000   4.420000    4.916367    4.08350000   3.900000    4.292771    3.43650000   3.057266    3.926404    42.00116667   39.201798    49.221872   33.07083333   31.310000    37.442808   21.23616667   20.627266   21.861835 0.000000
247.833333 247.875000  666.90  299.49    4.51733333   4.470000    4.560000    4.82500000   4.673633    5.086367    4.10383333   3.964532    4.186367    47.29816667   46.110899    49.025468   37.43033333   36.019064    39.169101   25.38150000   24.096256   26.996367 0.000000
247.875000 247.916667  666.46  298.87    4.11366667   3.354458    4.476367    4.13350000   3.617266    4.610000    3.51933333   3.250899    3.760000    40.12233333   30.778953    44.439101   31.67566667   24.620899    35.319138   21.33700000   17.513633   25.629434 0.000000
247.916667 247.958333  666.04  298.17    2.10500000   1.900000    2.332734    2.36800000   2.010000    3.029101    1.84116667   1.660000    2.082734    23.54000000   21.628165    25.771872   19.21700000   17.368165    21.189138   13.93750000   11.953596   15.558202 0.000000
247.958333 248.000000  665.66  297.49    1.79266667   1.730000    1.876367    1.98616667   1.930000    2.026367    1.58383333   1.523633    1.660000    20.71266667   20.173633    21.336367   16.55750000   16.137266    17.032734   10.98100000   10.593633   11.399101 0.000000
248.000000 248.041667  665.68  296.81    1.57033333   1.480000    1.700000    1.86883333   1.803633    1.920000    1.45866667   1.390000    1.520000    18.97000000   18.205431    19.639101   15.26416667   14.688165    15.722734   10.07350000    9.720000   10.366367 0.000000
248.041667 248.083333  665.85  296.30    1.44200000   1.430000    1.440000    1.75900000   1.690000    1.869101    1.37566667   1.310000    1.512734    15.53183333   15.033633    16.146441   12.54366667   12.183633    12.645468    9.72033333    9.533633    9.966367 0.000000
248.083333 248.125000  666.07  295.86    1.50050000   1.470000    1.520000    1.74183333   1.710000    1.770000    1.50200000   1.403633    1.590000    16.24483333   15.663633    16.737303   13.45450000   12.823633    13.942771    9.80966667    9.623633   10.134606 0.000000
248.125000 248.166667  666.50  295.47    1.51383333   1.490000    1.540000    1.81150000   1.780000    1.840000    1.46066667   1.420000    1.510000    17.60733333   16.960899    18.296367   14.45700000   13.320000    15.486367    9.24966667    7.769963   10.386367 0.000000
248.166667 248.208333  667.00  295.31    1.88966667   1.800000    1.980000    2.16383333   2.023633    2.230000    1.74733333   1.660000    1.820000    19.11850000   17.513596    20.070000   15.97966667   14.853633    16.822734   11.68533333   11.227266   12.172734 0.000000
248.208333 248.250000  667.52  295.78    1.90716667   1.883633    1.926367    2.16416667   2.173633    2.220000    1.74300000   1.723633    1.770000    19.69516667   19.285394    20.076367   16.36766667   16.163485    16.780000   11.00416667   10.399926   11.370000 0.000000
248.250000 248.291667  667.88  297.05    2.02807018   1.647744    2.791128    2.13298246   1.797744    2.730000    1.64789474   1.242104    2.261128    23.24491228   17.438872    29.615672   19.00964912   14.419848    24.885904   13.58736842    9.968872   18.236728 0.000000
248.291667 248.333333  667.99  298.67    4.67866667   2.868165    7.877377    4.71033333   2.894532    6.398202    4.67533333   2.415431    6.372771    58.90333333   48.726224    85.203384   47.61508475   40.040690    66.989770   31.75416667   26.360899   43.544569 0.000000
248.333333 248.375000  667.91  300.42    9.12750000   9.100000    9.220000    7.77566667   7.300899    8.154569    7.60450000   7.407266    7.801835    91.80500000   90.048017    93.132734   72.81533333   71.741798    74.130936   47.26116667   45.180000   49.388202 0.000000
248.375000 248.416667  667.57  301.54    7.43750000   3.928990    9.200000    7.04916667   3.545431    8.672734    5.92333333   2.732697    7.641835    70.06389831   28.060690    92.640000   54.53066667   20.279963    73.420973   34.18083333   11.975394   47.161872 0.000000
248.416667 248.458333  667.02  301.82    5.01416667   3.108165    5.703670    4.39533333   2.954532    5.086367    3.84300000   2.287266    4.390000    47.77928571   24.949140    60.913440   36.83750000   18.212985    47.383035   22.39172414    8.495508   29.494033 0.000000
248.458333 248.500000  666.75  301.70    5.10966667   4.990000    5.212734    4.75166667   4.660000    4.826367    3.81900000   3.730000    3.935468    49.43516667   48.343596    50.417303   38.53666667   37.943633    38.870000   24.30666667   23.770000   24.820936 0.000000
248.500000 248.541667  666.50  301.57    5.48316667   5.283633    5.750936    5.15683333   4.950000    5.422734    4.57583333   4.234532    4.886367    52.74333333   51.459064    53.866367   40.74466667   39.565431    41.836367   26.40283333   25.438165   27.299101 0.000000
248.541667 248.583333  666.08  301.16    4.97466667   4.627266    5.316367    4.85283333   4.790000    4.956367    3.89333333   3.560000    4.190000    53.17833333   52.309064    53.950000   41.73266667   41.258165    42.086367   27.57883333   27.347266   27.746367 0.000000
248.583333 248.625000  666.40  300.56    4.59766667   4.550000    4.636367    4.66250000   4.563633    4.730000    3.85683333   3.707266    3.960000    50.97150000   50.282660    51.816367   40.91650000   40.082660    41.496367   27.18133333   26.857266   27.436367 0.000000
248.625000 248.666667  666.44  300.18    6.94866667   7.043633    7.236367    7.10700000   6.880000    7.365468    5.90983333   5.580000    6.380000    68.24816667   67.270899    69.309101   54.11033333   53.202660    55.414569   36.15650000   35.048165   37.645468 0.000000
248.666667 248.708333  666.59  299.82    6.60000000   6.003633    7.290000    6.50050000   5.556293    7.306367    5.65683333   5.124495    6.212734    64.44733333   55.835960    69.672734   51.62433333   44.343633    56.172734   34.22333333   30.233633   39.038239 0.000000
248.708333 248.750000  666.76  299.38    5.34000000   5.110000    5.589101    5.19983333   5.080000    5.302734    4.67316667   4.503633    4.736367    54.02266667   53.787266    54.276367   44.37000000   44.060000    44.730000   30.82616667   30.500899   31.140000 0.000000
248.750000 248.791667  666.95  298.84    5.00233333   4.913633    5.092734    5.24966667   4.974532    5.505468    4.56400000   4.500000    4.630000    54.52716667   54.240000    54.900000   45.36933333   44.873633    45.709101   33.06300000   32.024532   33.822734 0.000000
248.791667 248.833333  667.00  298.21    5.00700000   4.927266    5.076367    5.35566667   5.203633    5.430000    4.66166667   4.381798    4.856367    55.56733333   55.083633    56.252734   45.89916667   45.493633    46.670000   32.46433333   32.140000   32.900000 0.000000
248.833333 248.875000  666.57  297.64    4.81383333   4.670000    4.966367    5.04633333   4.993633    5.106367    4.51450000   4.330000    4.776367    54.08683333   53.600899    54.519101   44.20183333   43.648128    44.610000   30.81400000   29.100899   31.612734 0.000000
248.875000 248.916667  666.08  297.14    4.78850000   4.720000    4.866367    4.93850000   4.910000    4.980000    4.32350000   4.240000    4.455468    53.33383333   53.023633    53.590000   43.62183333   43.440000    43.806367   29.60933333   29.490899   29.720000 0.000000
248.916667 248.958333  665.26  296.73    4.93600000   4.723633    5.106367    5.23966667   4.920000    5.445468    4.43450000   4.330000    4.490000    54.76733333   52.980000    57.690000   44.80833333   43.443633    46.965468   31.34800000   29.990899   32.369101 0.000000
248.958333 249.000000  664.91  296.37    5.37833333   5.240000    5.496367    5.79983333   5.520000    6.000000    5.53883333   5.240899    5.892734    61.69933333   60.623559    62.985468   51.36900000   50.278165    52.386367   36.61783333   32.427266   38.829101 0.000000
249.000000 249.041667  664.70  296.16    5.87233333   5.800899    5.940000    5.90816667   5.790000    6.000000    5.74333333   5.523633    5.932734    63.69833333   62.510899    64.748202   53.11716667   52.281761    53.887303   38.62333333   37.435431   39.849101 0.000000
249.041667 249.083333  664.85  296.10    5.78066667   5.603633    5.992734    6.04383333   5.810000    6.365468    5.72216667   5.197266    6.360936    62.24716667   59.741798    65.812845   52.63084746   49.602276    58.157470   38.94716667   36.544532   42.615505 0.000000
249.083333 249.125000  665.16  296.11    6.45283333   6.340000    6.569101    7.16016667   6.904532    7.410000    6.75216667   6.238128    7.160936    69.53616667   68.951798    70.312734   59.64366667   58.858165    60.565468   44.58383333   43.348165   45.993670 0.000000
249.125000 249.166667  665.54  296.19    6.82100000   6.530000    7.116367    7.05566667   6.763633    7.316367    6.83900000   6.550899    7.116367    72.56683333   69.090899    76.160936   62.48983333   59.269963    65.742734   46.79616667   44.986293   48.376367 0.000000
249.166667 249.208333  666.10  296.26    7.09250000   7.013633    7.160000    7.34000000   7.120000    7.552734    6.80066667   6.593633    7.012734    74.47683333   71.167229    77.110000   63.29016667   60.344458    65.902734   46.79883333   44.534495   48.806367 0.000000
249.208333 249.250000  666.64  296.65    6.13450000   5.940000    6.140000    6.56716667   6.044532    7.012734    5.89983333   5.723633    6.010000    62.96700000   57.346330    67.614569   53.88400000   49.574495    58.353707   40.44000000   38.486330   41.962734 0.000000
249.250000 249.291667  667.05  297.54    5.55366667   5.380000    5.766367    5.45366667   5.257266    5.666367    4.96783333   4.577266    5.332734    51.69516667   48.370899    54.102734   43.72416667   40.619064    46.161835   34.20966667   31.861761   35.911047 0.000000
249.291667 249.333333  667.28  298.75    6.51200000   4.983633    7.773670    6.64900000   5.047266    8.078239    6.03200000   4.501798    7.074569    63.05535714   50.527285    77.334165   52.19305085   42.042506    62.529540   36.83266667   29.652549   43.407303 0.000000
249.333333 249.375000  667.10  300.18    8.31066667   8.243633    8.382734    8.03833333   7.893633    8.140000    7.13850000   6.920000    7.370000    77.97966667   76.829963    79.147303   62.12283333   61.276330    63.134643   42.18866667   41.507266   42.655468 0.000000
249.375000 249.416667  666.63  301.36    7.55500000   7.313633    7.805468    7.30600000   7.120000    7.515468    6.06566667   5.823633    6.351835    68.22850000   66.167266    70.458794   54.33266667   52.650000    55.703030   36.99666667   35.494495   37.979101 0.000000
249.416667 249.458333  666.13  301.85    7.36766667   7.220000    7.636367    7.28283333   7.040000    7.596367    6.47733333   5.763633    7.228202    68.29183333   66.240899    72.546367   54.78416667   52.893633    58.295579   37.66316667   35.833633   40.169138 0.000000
249.458333 249.500000  665.53  302.01    8.07866667   7.940000    8.200000    7.82600000   7.703633    7.896367    7.01900000   6.783633    7.172734    77.25966667   74.067229    79.276367   62.73237288   60.272506    64.217954   43.61266667   42.539064   43.997303 0.000000
249.500000 249.541667  665.46  301.92    7.60195122   6.772200    8.086520    7.33268293   7.086960    7.606520    6.32146341   6.070440    6.796520    65.92536585   61.169160    77.156520   52.14878049   47.948280    61.523840   33.91195122   31.723920   41.022800 0.000000
249.541667 249.583333  665.51  302.19    7.92130435   7.548452    8.255258    8.33304348   7.750098    8.730172    7.68130435   6.738452    8.200000    78.66956522   72.713488    82.156118   63.98869565   61.303930    67.033096   45.15217391   42.252850   48.525430 0.000000
249.583333 249.625000  665.27  302.00    8.60083333   8.520000    8.670000    8.70966667   8.553633    8.861835    8.12516667   7.860000    8.472734    81.50466667   80.563633    82.790000   65.30633333   64.399963    66.300000   45.76683333   44.313633   47.455468 0.000000
249.625000 249.666667  665.24  301.48    8.04600000   6.960000    8.670000    8.06083333   7.420899    8.482734    7.33383333   6.533633    7.980000    75.76416667   66.212697    80.826367   61.74700000   56.188165    64.529101   42.53416667   40.285431   44.655468 0.000000
