data/ebas/met/KE0001G.20060101000000.20100322000000.aws..met.5mo.1h.KE01L_MKN_aws...nas
60 1001
Klausen, Joerg; Aseyo, John; Thiong'o, Kennedy
KE01L, Kenya Meteorological Department, , , "Dagoretti Corner, Nairobi, Kenya", , , , 
Aseyo, Mr John; Klausen, Joerg
GAW-WDCRG sel_HTAP
1 1
2006 01 01 2010 03 22
0.041667
days from file reference point
7
1 1 1 1 1 1 1
999.999999 9999.9 9999.9 999.9 9999.9 999.9 9.999
end_time of measurement, days from the file reference point
pressure, hPa, Method ref=KE01L_barometer_pressure_sensor
relative_humidity, %, Method ref=KE01L_hygrometer
temperature, deg C, Method ref=KE01L_thermometer_element
wind_direction, deg, Method ref=KE01L_wind_vane
wind_speed, m/s, Method ref=KE01L_anemometer
numflag, no unit
0
39
Data definition:              EBAS_1.1
Set type code:                TU
Timezone:                     UTC
File name:                    KE0001G.20060101000000.20100322000000.aws..met.5mo.1h.KE01L_MKN_aws...nas
File creation:                20220608070152070000
Export state:                 20220608065414856000
Export filter:                exclude-900,exclude-invalid
Startdate:                    20060101000000
Revision date:                20100322000000
Statistics:                   arithmetic mean
Data level:                   
Period code:                  5mo
Resolution code:              1h
Station code:                 KE0001G
Platform code:                KE0001S
Station name:                 Mt. Kenya
Station WDCA-ID:              GAWAKE__MKN
Station GAW-ID:               MKN
Station GAW-Name:             Mt. Kenya
Station land use:             Grassland
Station setting:              Mountain
Station GAW type:             G
Station WMO region:           1
Station latitude:             -0.0622
Station longitude:            37.2972
Station altitude:             3678.0 m
Regime:                       IMG
Component:                    
Matrix:                       met
Laboratory code:              KE01L
Instrument type:              aws
Instrument name:              MKN_aws
Method ref:                   
Originator:                   Klausen, Joerg, , , , , , , , , 
Originator:                   Aseyo, John, , , , , , , , , 
Originator:                   Thiong'o, Kennedy, , , , , , , , , 
Submitter:                    Aseyo, Mr John, , , , , , , , , 
Submitter:                    Klausen, Joerg, , , , , , , , , 
starttime endtime P rH T wind_d wind_s flag
[from data line 1574]
 65.583333  65.625000  658.5   82.5   9.9   12.4  11.6 0.000
 65.625000  65.666667  658.6   85.6   8.3  104.5   5.9 0.000
 65.666667  65.708333  658.9   66.8   7.7  152.2   3.5 0.000
 65.708333  65.750000  659.6   72.9   7.4  178.6   2.9 0.000
 65.750000  65.791667  660.0   75.2   7.4  196.4   3.1 0.000
 65.791667  65.833333  660.3   80.3   6.6  117.3   1.0 0.000
 65.833333  65.875000  660.2   66.0   6.9   69.6   7.3 0.000
 65.875000  65.916667  659.9   66.3   6.8  139.5  10.2 0.000
 65.916667  65.958333  659.3   72.5   6.3   98.0   5.9 0.000
 65.958333  66.000000  658.8   77.4   5.8   84.4   6.2 0.000
 66.000000  66.041667  658.6   79.6   5.6  122.9   4.8 0.000
 66.041667  66.083333  658.6   77.3   5.9  139.4   1.2 0.000
 66.083333  66.125000  658.8   75.0   5.6  157.7   2.2 0.000
 66.125000  66.166667  659.3   73.7   5.3  109.1   2.4 0.000
 66.166667  66.208333  659.7   72.1   7.0   71.7   4.1 0.000
 66.208333  66.250000  660.1   73.6   8.2   19.8   7.4 0.000
 66.250000  66.291667  660.4   66.8   9.8   19.2   8.4 0.000
 66.291667  66.333333  660.4   66.5  11.0  339.3   4.8 0.000
 66.333333  66.375000  660.4   80.2  10.0  228.8   6.6 0.000
 66.375000  66.416667  660.2   83.4  10.0  263.2   6.0 0.000
 66.416667  66.458333  659.7   84.5   9.6  304.0   6.0 0.000
 66.458333  66.500000  659.2   92.8   8.6  315.1   3.5 0.000
 66.500000  66.541667  658.8   85.4   9.9  325.7   2.5 0.000
 66.541667  66.583333  658.6   74.8  10.3   32.5   3.6 0.000
 66.583333  66.625000  658.8   77.1  11.0  265.8   1.7 0.000
 66.625000  66.666667  659.2   92.9   8.0  333.5   2.7 0.000
 66.666667  66.708333  659.7   87.8   6.6  164.2   2.7 0.000
 66.708333  66.750000  660.0   80.7   6.9  139.3   7.0 0.000
 66.750000  66.791667  660.6   93.4   6.1  144.1   7.5 0.000
 66.791667  66.833333  660.4   90.1   6.2  150.0  19.6 0.000
 66.833333  66.875000  660.4   80.2   6.0  123.3  17.7 0.000
 66.875000  66.916667  660.2   88.7   5.4  155.4  20.2 0.000
 66.916667  66.958333  659.5   89.9   5.3  155.6  20.7 0.000
 66.958333  67.000000  658.9   88.8   5.1  154.6  21.6 0.000
 67.000000  67.041667  658.7   92.0   4.6  151.6  20.6 0.000
 67.041667  67.083333  658.7   73.3   5.1  150.3  14.0 0.000
 67.083333  67.125000  659.0   73.3   5.1  144.1  14.9 0.000
 67.125000  67.166667  659.4   68.0   5.2  118.0  15.7 0.000
 67.166667  67.208333  660.0   59.0   6.0   44.3  14.6 0.000
 67.208333  67.250000  660.5   53.7   7.6   35.3  16.4 0.000
 67.250000  67.291667  661.0   45.4   8.5   36.8  18.9 0.000
 67.291667  67.333333  661.1   55.2   9.4   38.7  16.9 0.000
 67.333333  67.375000  660.9   53.1   9.9   39.7  15.9 0.000
 67.375000  67.416667  660.7   56.0   9.9   34.7  13.4 0.000
 67.416667  67.458333  660.2   52.9  10.5   35.1  12.1 0.000
 67.458333  67.500000  659.7   44.8  11.2   51.5   7.0 0.000
 67.500000  67.541667  659.3   65.8   9.8   34.5  14.5 0.000
 67.541667  67.583333  659.2   68.5   9.8   51.8  10.1 0.000
 67.583333  67.625000  659.3   67.1   9.1   79.4   9.5 0.000
 67.625000  67.666667  659.3   73.1   6.5  155.8  15.3 0.000
 67.666667  67.708333  659.8   49.6   6.3  132.2  13.2 0.000
 67.708333  67.750000  660.3   52.0   6.0  151.4  15.3 0.000
 67.750000  67.791667  660.8   48.2   5.7  142.7  15.7 0.000
 67.791667  67.833333  661.3   48.4   5.1  146.5  13.5 0.000
 67.833333  67.875000  661.3   49.1   5.0  142.8  13.5 0.000
 67.875000  67.916667  660.9   50.0   4.1  130.1  12.2 0.000
 67.916667  67.958333  660.3   36.2   4.9  148.0  14.2 0.000
 67.958333  68.000000  660.1   28.1   4.8  141.1  12.9 0.000
 68.000000  68.041667  659.8   29.9   4.8  152.2  18.6 0.000
 68.041667  68.083333  659.7   32.2   4.6  156.1  20.0 0.000
 68.083333  68.125000  660.0   44.4   4.7 9999.9 999.9 0.000
 68.125000  68.166667  660.5   42.9   4.5 9999.9 999.9 0.000
 68.166667  68.208333  661.1   44.2   6.1 9999.9 999.9 0.000
 68.208333  68.250000  661.5   44.0   7.9 9999.9 999.9 0.000
 68.250000  68.291667  661.7   40.6   9.1 9999.9 999.9 0.000
 68.291667  68.333333  661.7   35.9   9.9 9999.9 999.9 0.000
 68.333333  68.375000  661.6   36.3  10.2 9999.9 999.9 0.000
 68.375000  68.416667  661.2   37.1  10.9 9999.9 999.9 0.000
 68.416667  68.458333  660.6   43.7  11.1 9999.9 999.9 0.000
 68.458333  68.500000  659.9   46.2  11.0 9999.9 999.9 0.000
 68.500000  68.541667  659.6   50.0  10.3 9999.9 999.9 0.000
 68.541667  68.583333  659.7   53.6   9.8 9999.9 999.9 0.000
 68.583333  68.625000  659.8   58.7   8.2 9999.9 999.9 0.000
 68.625000  68.666667  659.9   83.2   7.3 9999.9 999.9 0.000
 68.666667  68.708333  660.3   84.7   5.3 9999.9 999.9 0.000
 68.708333  68.750000  660.5   64.6   5.2 9999.9 999.9 0.000
 68.750000  68.791667  660.8   54.6   4.6 9999.9 999.9 0.000
 68.791667  68.833333  660.8   43.7   4.4 9999.9 999.9 0.000
 68.833333  68.875000  660.9   32.3   4.8 9999.9 999.9 0.000
 68.875000  68.916667  660.6   30.1   5.3 9999.9 999.9 0.000
 68.916667  68.958333  659.9   28.8   3.8 9999.9 999.9 0.000
 68.958333  69.000000  659.4   21.1   4.5 9999.9 999.9 0.000
 69.000000  69.041667  659.0   21.7   5.0 9999.9 999.9 0.000
 69.041667  69.083333  658.9   22.0   5.2 9999.9 999.9 0.000
 69.083333  69.125000  659.0   28.8   4.7 9999.9 999.9 0.000
 69.125000  69.166667  659.5   42.6   3.9 9999.9 999.9 0.000
 69.166667  69.208333  660.1   41.2   5.7 9999.9 999.9 0.000
 69.208333  69.250000  660.5   32.2   8.5 9999.9 999.9 0.000
 69.250000  69.291667  660.9   34.2  10.2 9999.9 999.9 0.000
 69.291667  69.333333  661.3   57.8   9.9 9999.9 999.9 0.000
 69.333333  69.375000  661.4   73.2   8.7 9999.9 999.9 0.000
 69.375000  69.416667  661.2   81.3   8.1 9999.9 999.9 0.000
 69.416667  69.458333  660.6   60.4   9.6 9999.9 999.9 0.000
 69.458333  69.500000  660.0   55.8   9.9 9999.9 999.9 0.000
 69.500000  69.541667  659.7   56.5  10.1 9999.9 999.9 0.000
 69.541667  69.583333  659.4   60.3   9.3 9999.9 999.9 0.000
 69.583333  69.625000  659.3   75.6   8.3 9999.9 999.9 0.000
 69.625000  69.666667  659.4   84.4   7.7 9999.9 999.9 0.000
 69.666667  69.708333  659.6   90.7   5.2 9999.9 999.9 0.000
 69.708333  69.750000  659.8   91.7   4.7 9999.9 999.9 0.000
 69.750000  69.791667  660.1   81.6   5.2 9999.9 999.9 0.000
 69.791667  69.833333  660.2   76.4   4.6 9999.9 999.9 0.000
 69.833333  69.875000  659.8   64.6   4.1 9999.9 999.9 0.000
 69.875000  69.916667  659.2   59.0   4.9 9999.9 999.9 0.000
 69.916667  69.958333  658.4   58.5   4.6 9999.9 999.9 0.000
 69.958333  70.000000  657.9   59.3   4.0 9999.9 999.9 0.000
 70.000000  70.041667  657.6   59.6   4.1 9999.9 999.9 0.000
 70.041667  70.083333  657.6   64.9   4.4 9999.9 999.9 0.000
 70.083333  70.125000  657.8   74.0   4.3 9999.9 999.9 0.000
 70.125000  70.166667  658.0   65.0   3.8 9999.9 999.9 0.000
 70.166667  70.208333  658.5   44.8   6.4 9999.9 999.9 0.000
 70.208333  70.250000  659.0   41.3   8.8 9999.9 999.9 0.000
 70.250000  70.291667  659.7   46.1  10.3 9999.9 999.9 0.000
 70.291667  70.333333  660.2   74.1   9.0 9999.9 999.9 0.000
 70.333333  70.375000  660.2   81.4   7.9 9999.9 999.9 0.000
 70.375000  70.416667  659.9   81.0   8.3 9999.9 999.9 0.000
 70.416667  70.458333  659.3   82.6   8.3 9999.9 999.9 0.000
 70.458333  70.500000  658.7   84.1   8.3 9999.9 999.9 0.000
 70.500000  70.541667  658.4   81.8   8.0 9999.9 999.9 0.000
 70.541667  70.583333  658.4   81.4   8.3 9999.9 999.9 0.000
 70.583333  70.625000  658.4   87.3   8.3 9999.9 999.9 0.000
 70.625000  70.666667  658.7   98.9   6.5 9999.9 999.9 0.000
 70.666667  70.708333  659.1   96.2   5.8 9999.9 999.9 0.000
 70.708333  70.750000  659.4   85.3   5.3 9999.9 999.9 0.000
 70.750000  70.791667  659.8   91.5   5.0 9999.9 999.9 0.000
 70.791667  70.833333  660.0   89.3   5.3 9999.9 999.9 0.000
 70.833333  70.875000  660.1   87.7   5.2 9999.9 999.9 0.000
 70.875000  70.916667  659.7   77.6   4.8 9999.9 999.9 0.000
 70.916667  70.958333  659.1   64.3   4.5 9999.9 999.9 0.000
 70.958333  71.000000  658.7   49.8   4.6 9999.9 999.9 0.000
 71.000000  71.041667  658.6   44.4   4.9 9999.9 999.9 0.000
 71.041667  71.083333  658.6   45.1   4.5 9999.9 999.9 0.000
 71.083333  71.125000  658.8   50.6   3.7 9999.9 999.9 0.000
 71.125000  71.166667  659.0   47.7   4.1 9999.9 999.9 0.000
 71.166667  71.208333  659.6   36.0   6.8 9999.9 999.9 0.000
 71.208333  71.250000  660.2   31.4   9.0 9999.9 999.9 0.000
 71.250000  71.291667  660.6   40.6  10.1 9999.9 999.9 0.000
 71.291667  71.333333  660.7   35.1  11.2 9999.9 999.9 0.000
 71.333333  71.375000  660.5   47.0  11.6 9999.9 999.9 0.000
 71.375000  71.416667  660.4   56.0  10.3 9999.9 999.9 0.000
 71.416667  71.458333  660.1   63.2   9.0 9999.9 999.9 0.000
 71.458333  71.500000  659.5   74.7   8.0 9999.9 999.9 0.000
 71.500000  71.541667  659.3   69.7   8.0 9999.9 999.9 0.000
 71.541667  71.583333  658.9   71.1   8.2 9999.9 999.9 0.000
 71.583333  71.625000  658.7   77.3   8.2 9999.9 999.9 0.000
 71.625000  71.666667  658.9   77.8   7.3 9999.9 999.9 0.000
 71.666667  71.708333  659.7   78.9   5.6 9999.9 999.9 0.000
 71.708333  71.750000  660.3   84.2   5.5 9999.9 999.9 0.000
 71.750000  71.791667  660.7   80.0   4.2 9999.9 999.9 0.000
 71.791667  71.833333  661.1   85.3   4.8 9999.9 999.9 0.000
 71.833333  71.875000  660.9   89.7   4.8 9999.9 999.9 0.000
 71.875000  71.916667  660.8   87.7   4.8 9999.9 999.9 0.000
 71.916667  71.958333  660.2   93.2   4.5 9999.9 999.9 0.000
 71.958333  72.000000  659.6   86.3   4.2 9999.9 999.9 0.000
 72.000000  72.041667  659.5   77.3   4.2 9999.9 999.9 0.000
 72.041667  72.083333  659.4   78.7   3.4 9999.9 999.9 0.000
 72.083333  72.125000  659.7   71.2   3.0 9999.9 999.9 0.000
 72.125000  72.166667  660.2   60.0   3.4 9999.9 999.9 0.000
 72.166667  72.208333  660.7   50.9   5.8 9999.9 999.9 0.000
 72.208333  72.250000  661.3   32.9   8.2 9999.9 999.9 0.000
 72.250000  72.291667  661.7   29.7   9.3 9999.9 999.9 0.000
 72.291667  72.333333  661.9   43.0  11.0 9999.9 999.9 0.000
 72.333333  72.375000  661.6   60.5  11.3 9999.9 999.9 0.000
 72.375000  72.416667  661.4   78.7   9.1 9999.9 999.9 0.000
 72.416667  72.458333  660.9   79.4   9.4 9999.9 999.9 0.000
 72.458333  72.500000  660.5   76.2   9.3 9999.9 999.9 0.000
 72.500000  72.541667  660.1   72.2   9.6 9999.9 999.9 0.000
 72.541667  72.583333  659.9   77.4   9.7 9999.9 999.9 0.000
 72.583333  72.625000  659.8   82.3   8.3 9999.9 999.9 0.000
 72.625000  72.666667  660.2   93.3   6.6 9999.9 999.9 0.000
 72.666667  72.708333  660.7   90.5   5.8 9999.9 999.9 0.000
 72.708333  72.750000  660.9   87.6   5.5 9999.9 999.9 0.000
 72.750000  72.791667  661.1   76.2   4.7 9999.9 999.9 0.000
 72.791667  72.833333  661.2   72.9   4.9 9999.9 999.9 0.000
 72.833333  72.875000  661.2   81.3   5.0 9999.9 999.9 0.000
 72.875000  72.916667  660.9   85.3   4.9 9999.9 999.9 0.000
 72.916667  72.958333  660.5   91.6   4.7 9999.9 999.9 0.000
 72.958333  73.000000  660.0   77.4   3.9 9999.9 999.9 0.000
 73.000000  73.041667  659.8   60.5   4.4 9999.9 999.9 0.000
 73.041667  73.083333  660.0   69.5   3.5 9999.9 999.9 0.000
 73.083333  73.125000  660.2   68.0   3.6 9999.9 999.9 0.000
 73.125000  73.166667  660.7   70.9   3.7 9999.9 999.9 0.000
 73.166667  73.208333  661.1   70.0   4.9 9999.9 999.9 0.000
 73.208333  73.250000  661.4   57.5   7.0 9999.9 999.9 0.000
 73.250000  73.291667  661.8   51.2   8.5 9999.9 999.9 0.000
 73.291667  73.333333  661.9   42.9   9.5 9999.9 999.9 0.000
 73.333333  73.375000  661.7   37.4  11.0 9999.9 999.9 0.000
 73.375000  73.416667  661.2   33.8  12.3 9999.9 999.9 0.000
 73.416667  73.458333  660.7   47.6  12.1 9999.9 999.9 0.000
 73.458333  73.500000  660.1   57.1  11.1 9999.9 999.9 0.000
 73.500000  73.541667  659.5   58.8  11.2 9999.9 999.9 0.000
 73.541667  73.583333  659.6   72.6   9.4 9999.9 999.9 0.000
 73.583333  73.625000  659.9   80.2   7.8 9999.9 999.9 0.000
 73.625000  73.666667  660.1   73.3   7.1 9999.9 999.9 0.000
 73.666667  73.708333  660.8   88.5   5.6 9999.9 999.9 0.000
 73.708333  73.750000  661.4   89.9   4.4 9999.9 999.9 0.000
 73.750000  73.791667  661.4   80.3   4.7 9999.9 999.9 0.000
 73.791667  73.833333  661.3   71.5   6.0 9999.9 999.9 0.000
 73.833333  73.875000  661.0   70.5   5.9 9999.9 999.9 0.000
 73.875000  73.916667  660.5   64.0   5.9 9999.9 999.9 0.000
 73.916667  73.958333  659.8   57.2   5.8 9999.9 999.9 0.000
 73.958333  74.000000  659.5   58.1   5.7 9999.9 999.9 0.000
 74.000000  74.041667  659.4   52.3   5.5 9999.9 999.9 0.000
 74.041667  74.083333  659.2   39.5   5.3 9999.9 999.9 0.000
 74.083333  74.125000  659.2   23.3   5.4 9999.9 999.9 0.000
 74.125000  74.166667  659.1   18.4   5.4 9999.9 999.9 0.000
 74.166667  74.208333  659.6   20.7   6.3 9999.9 999.9 0.000
 74.208333  74.250000  659.9   30.3   7.4 9999.9 999.9 0.000
 74.250000  74.291667  660.3   34.4   8.6 9999.9 999.9 0.000
 74.291667  74.333333  660.5   32.4   9.7 9999.9 999.9 0.000
 74.333333  74.375000  660.4   34.2  10.5 9999.9 999.9 0.000
 74.375000  74.416667  660.1   42.7  11.3 9999.9 999.9 0.000
 74.416667  74.458333  659.6   53.1  11.5 9999.9 999.9 0.000
 74.458333  74.500000  659.1   53.4  11.6 9999.9 999.9 0.000
 74.500000  74.541667  659.0   58.9  11.3 9999.9 999.9 0.000
 74.541667  74.583333  658.9   60.1   9.9 9999.9 999.9 0.000
 74.583333  74.625000  659.0   50.9   9.8 9999.9 999.9 0.000
 74.625000  74.666667  659.1   69.9   7.3 9999.9 999.9 0.000
 74.666667  74.708333  659.2   66.4   5.7 9999.9 999.9 0.000
 74.708333  74.750000  659.5   58.8   4.8 9999.9 999.9 0.000
 74.750000  74.791667  659.8   75.5   5.4 9999.9 999.9 0.000
 74.791667  74.833333  660.1   83.8   5.4 9999.9 999.9 0.000
 74.833333  74.875000  659.9   85.8   5.2 9999.9 999.9 0.000
 74.875000  74.916667  659.4   77.7   4.6 9999.9 999.9 0.000
 74.916667  74.958333  658.9   53.2   4.5 9999.9 999.9 0.000
 74.958333  75.000000  658.6   52.0   4.3 9999.9 999.9 0.000
 75.000000  75.041667  658.5   56.9   4.3 9999.9 999.9 0.000
 75.041667  75.083333  658.4   71.4   4.2 9999.9 999.9 0.000
 75.083333  75.125000  658.2   77.8   4.3 9999.9 999.9 0.000
 75.125000  75.166667  658.4   81.3   4.5 9999.9 999.9 0.000
 75.166667  75.208333  659.0   74.4   5.7 9999.9 999.9 0.000
 75.208333  75.250000  659.6   73.8   7.1 9999.9 999.9 0.000
 75.250000  75.291667  659.6   66.6   8.7 9999.9 999.9 0.000
 75.291667  75.333333  659.6   61.0   9.6 9999.9 999.9 0.000
 75.333333  75.375000  659.5   67.5   9.1 9999.9 999.9 0.000
 75.375000  75.416667  659.3   65.7   9.8 9999.9 999.9 0.000
 75.416667  75.458333  658.8   59.7  10.9 9999.9 999.9 0.000
 75.458333  75.500000  658.3   56.4  11.4 9999.9 999.9 0.000
 75.500000  75.541667  657.8   69.1  11.0 9999.9 999.9 0.000
 75.541667  75.583333  657.8   79.9  10.0 9999.9 999.9 0.000
 75.583333  75.625000  657.8   90.0   8.9 9999.9 999.9 0.000
 75.625000  75.666667  657.8   97.6   7.6 9999.9 999.9 0.000
 75.666667  75.708333  658.2   93.5   6.8 9999.9 999.9 0.000
 75.708333  75.750000  658.5   80.5   6.6 9999.9 999.9 0.000
 75.750000  75.791667  659.0   85.3   6.8 9999.9 999.9 0.000
 75.791667  75.833333  659.0   95.4   5.9 9999.9 999.9 0.000
 75.833333  75.875000  659.1   92.1   5.7 9999.9 999.9 0.000
 75.875000  75.916667  658.7   79.6   4.9 9999.9 999.9 0.000
 75.916667  75.958333  658.1   71.5   4.6 9999.9 999.9 0.000
 75.958333  76.000000  657.8   70.7   4.2 9999.9 999.9 0.000
 76.000000  76.041667  657.7   75.8   4.2 9999.9 999.9 0.000
 76.041667  76.083333  657.8   82.2   4.3 9999.9 999.9 0.000
 76.083333  76.125000  658.0   82.2   4.1 9999.9 999.9 0.000
 76.125000  76.166667  658.5   78.3   3.4 9999.9 999.9 0.000
 76.166667  76.208333  659.0   66.3   5.3 9999.9 999.9 0.000
 76.208333  76.250000  659.5   65.1   7.2 9999.9 999.9 0.000
 76.250000  76.291667  659.7   68.8   8.4 9999.9 999.9 0.000
 76.291667  76.333333  660.1   68.7  10.7 9999.9 999.9 0.000
 76.333333  76.375000  660.1   81.2   9.3 9999.9 999.9 0.000
 76.375000  76.416667  659.8   82.7   9.8 9999.9 999.9 0.000
 76.416667  76.458333  659.4   85.5   8.9 9999.9 999.9 0.000
 76.458333  76.500000  658.8   80.4  10.5 9999.9 999.9 0.000
