data/ebas/met/KE0001G.20020531230000.20100322000000.aws..met.7mo.1h.KE01L_MKN_aws...nas
60 1001
Klausen, Joerg; Aseyo, John; Thiong'o, Kennedy
KE01L, Kenya Meteorological Department, , , "Dagoretti Corner, Nairobi, Kenya", , , , 
Aseyo, Mr John; Klausen, Joerg
GAW-WDCRG sel_HTAP
1 1
2002 01 01 2010 03 22
0.041667
days from file reference point
7
1 1 1 1 1 1 1
999.999999 9999.9 9999.9 999.9 9999.9 999.9 9.999
end_time of measurement, days from the file reference point
pressure, hPa, Method ref=KE01L_barometer_pressure_sensor
relative_humidity, %, Method ref=KE01L_hygrometer
temperature, deg C, Method ref=KE01L_thermometer_element
wind_direction, deg, Method ref=KE01L_wind_vane
wind_speed, m/s, Method ref=KE01L_anemometer
numflag, no unit
0
39
Data definition:              EBAS_1.1
Set type code:                TU
Timezone:                     UTC
File name:                    KE0001G.20020531230000.20100322000000.aws..met.7mo.1h.KE01L_MKN_aws...nas
File creation:                20220608070148181000
Export state:                 20220608065414856000
Export filter:                exclude-900,exclude-invalid
Startdate:                    20020531230000
Revision date:                20100322000000
Statistics:                   arithmetic mean
Data level:                   
Period code:                  7mo
Resolution code:              1h
Station code:                 KE0001G
Platform code:                KE0001S
Station name:                 Mt. Kenya
Station WDCA-ID:              GAWAKE__MKN
Station GAW-ID:               MKN
Station GAW-Name:             Mt. Kenya
Station land use:             Grassland
Station setting:              Mountain
Station GAW type:             G
Station WMO region:           1
Station latitude:             -0.0622
Station longitude:            37.2972
Station altitude:             3678.0 m
Regime:                       IMG
Component:                    
Matrix:                       met
Laboratory code:              KE01L
Instrument type:              aws
Instrument name:              MKN_aws
Method ref:                   
Originator:                   Klausen, Joerg, , , , , , , , , 
Originator:                   Aseyo, John, , , , , , , , , 
Originator:                   Thiong'o, Kennedy, , , , , , , , , 
Submitter:                    Aseyo, Mr John, , , , , , , , , 
Submitter:                    Klausen, Joerg, , , , , , , , , 
starttime endtime P rH T wind_d wind_s flag
[from data line 3148]
282.125000 282.166667  660.7   91.9   3.1   96.5  17.0 0.000
282.166667 282.208333  661.3   86.6   5.1   88.3  16.8 0.000
282.208333 282.250000  661.9   80.1   6.8   76.4  14.4 0.000
282.250000 282.291667  662.4   75.8   7.9   57.7  12.8 0.000
282.291667 282.333333  662.4   74.6   8.5   52.2  13.6 0.000
282.333333 282.375000  662.0   71.9   9.3   52.0  12.6 0.000
282.375000 282.416667  661.5   76.0   9.0   32.2  14.9 0.000
282.416667 282.458333  661.0   76.3   9.0   27.1  14.8 0.000
282.458333 282.500000  660.7   75.0   9.0   25.5  13.8 0.000
282.500000 282.541667  660.4   75.4   9.1   41.0  12.5 0.000
282.541667 282.583333  660.2   77.2   8.5   69.9  12.3 0.000
282.583333 282.625000  660.3   81.2   6.9   98.0  12.5 0.000
282.625000 282.666667  660.5   82.4   5.9  111.3  10.6 0.000
282.666667 282.708333  660.8   78.3   5.8  111.3   7.7 0.000
282.708333 282.750000  660.9   74.0   6.1  117.7   9.2 0.000
282.750000 282.791667  661.1   77.2   6.4   87.7   6.2 0.000
282.791667 282.833333  661.1   94.8   5.4  237.1   1.4 0.000
282.833333 282.875000  660.9  100.0   5.0   75.3   6.4 0.000
282.875000 282.916667  660.5  100.0   4.8   60.1  10.1 0.000
282.916667 282.958333  660.2   91.7   4.8   81.0   7.5 0.000
282.958333 283.000000  659.9   82.8   4.7   98.8   6.8 0.000
283.000000 283.041667  660.0   80.5   4.9   79.1   4.2 0.000
283.041667 283.083333  660.2   76.8   4.4   65.5   5.5 0.000
283.083333 283.125000  660.5   74.5   4.1   91.3   7.1 0.000
283.125000 283.166667  660.9   70.3   4.3   88.4   7.1 0.000
283.166667 283.208333  661.3   64.5   6.2   62.5   6.0 0.000
283.208333 283.250000  661.7   72.2   7.5  354.8   7.2 0.000
283.250000 283.291667  662.0   90.4   7.1  303.9   8.1 0.000
283.291667 283.333333  662.0   90.3   6.8  310.0  11.0 0.000
283.333333 283.375000  661.7   88.4   7.5  313.8   8.6 0.000
283.375000 283.416667  661.3   82.7   8.8  339.0  11.7 0.000
283.416667 283.458333  660.8   89.0   7.9  325.2  11.4 0.000
283.458333 283.500000  660.3   95.2   7.1  305.4   9.9 0.000
283.500000 283.541667  660.1   98.0   6.9  302.0   6.2 0.000
283.541667 283.583333  660.1   98.3   6.7  291.7   5.9 0.000
283.583333 283.625000  660.2  100.0   6.1  249.3   1.9 0.000
283.625000 283.666667  660.3   98.8   5.7  212.7   4.5 0.000
283.666667 283.708333  660.7   99.8   5.5  252.2   2.6 0.000
283.708333 283.750000  660.9   97.9   5.1   96.7   2.2 0.000
283.750000 283.791667  661.1   96.7   5.1  167.7   2.4 0.000
283.791667 283.833333  660.9   93.5   4.3  141.6   4.2 0.000
283.833333 283.875000  660.8   96.0   4.4  173.6   5.1 0.000
283.875000 283.916667  660.3   90.1   3.9  176.8   4.9 0.000
283.916667 283.958333  660.0   88.5   3.7  170.7   5.3 0.000
283.958333 284.000000  659.7   87.5   3.8  164.7   3.1 0.000
284.000000 284.041667  659.6   89.9   3.7  140.4   3.6 0.000
284.041667 284.083333  659.7   83.4   4.7  129.9   2.8 0.000
284.083333 284.125000  659.9   82.1   4.6  145.2   2.7 0.000
284.125000 284.166667  660.3   83.3   4.5  103.4   1.6 0.000
284.166667 284.208333  660.8   76.2   6.6  159.6   2.0 0.000
284.208333 284.250000  661.2   78.5   8.0  274.4   4.7 0.000
284.250000 284.291667  661.5   94.3   6.6  306.3   5.2 0.000
284.291667 284.333333  661.4   88.5   7.2  326.3   9.0 0.000
284.333333 284.375000  661.1   84.7   8.0  332.9   9.8 0.000
284.375000 284.416667  660.6   93.9   7.0  331.6  10.6 0.000
284.416667 284.458333  659.9   93.2   7.1  332.0   8.6 0.000
284.458333 284.500000  659.3   85.7   8.3  337.9  11.8 0.000
284.500000 284.541667  659.3   95.7   7.3  313.1   8.3 0.000
284.541667 284.583333  659.4   92.4   7.4  297.2   5.2 0.000
284.583333 284.625000  659.4   93.6   6.9  316.3   3.8 0.000
284.625000 284.666667  659.7   98.4   5.9 9999.9 999.9 0.000
284.666667 284.708333  659.9   92.5   5.2  172.6   3.9 0.000
284.708333 284.750000  660.3   96.2   5.1  181.6   3.1 0.000
284.750000 284.791667  660.3   84.3   4.8  152.3   2.5 0.000
284.791667 284.833333  660.6   93.2   4.2  171.3   2.9 0.000
284.833333 284.875000  660.2   91.1   3.9  202.5   3.8 0.000
284.875000 284.916667  660.0   90.1   4.1  169.3   4.5 0.000
284.916667 284.958333  659.5   76.3   5.2  189.1   3.9 0.000
284.958333 285.000000  659.4   80.0   4.9  177.0   2.2 0.000
285.000000 285.041667  659.5   81.8   4.7  139.8   3.0 0.000
285.041667 285.083333  659.5   76.2   4.4   95.4   5.3 0.000
285.083333 285.125000  660.0   74.1   4.4   80.4   4.3 0.000
285.125000 285.166667  660.4   75.0   4.8   87.3   7.2 0.000
285.166667 285.208333  660.9   77.4   6.1   55.9   7.3 0.000
285.208333 285.250000  661.5   78.1   7.0   12.2   6.6 0.000
285.250000 285.291667  661.8   73.1   8.1   10.0   9.0 0.000
285.291667 285.333333  661.8   85.6   7.9  351.3   8.2 0.000
285.333333 285.375000  661.5   85.4   8.8  354.6  11.2 0.000
285.375000 285.416667  661.0   90.6   7.9  349.6  10.7 0.000
285.416667 285.458333  660.3   99.6   6.2    4.3   8.1 0.000
285.458333 285.500000  659.7  100.0   6.5  355.5   6.2 0.000
285.500000 285.541667  659.5   96.4   6.3   30.0   3.8 0.000
285.541667 285.583333  659.5   98.3   5.9   29.4   2.7 0.000
285.583333 285.625000  659.6   85.5   6.4  106.8   8.4 0.000
285.625000 285.666667  659.8   72.7   6.8   48.6   2.1 0.000
285.666667 285.708333  659.8   76.2   5.3   84.1   4.9 0.000
285.708333 285.750000  660.0   82.4   4.9   60.9   2.7 0.000
285.750000 285.791667  660.2   81.1   4.4  114.7   9.6 0.000
285.791667 285.833333  660.3   79.3   4.9  120.9   6.3 0.000
285.833333 285.875000  660.2   83.8   4.5  170.5   3.0 0.000
285.875000 285.916667  660.0   82.9   4.6  166.4   2.4 0.000
285.916667 285.958333  659.7   80.9   5.0  102.2  11.6 0.000
285.958333 286.000000  659.3   77.6   4.8  113.1  13.6 0.000
286.000000 286.041667  659.1   67.6   5.5   97.2  10.9 0.000
286.041667 286.083333  659.3   66.1   5.2   95.8   9.2 0.000
286.083333 286.125000  659.7   63.4   5.2   98.1   5.8 0.000
286.125000 286.166667  660.2   61.2   5.3   82.2   3.1 0.000
286.166667 286.208333  660.7   62.5   7.3  102.8   3.7 0.000
286.208333 286.250000  661.2   66.0   8.9  305.8   3.0 0.000
286.250000 286.291667  661.4   78.2   9.8  339.4   9.2 0.000
286.291667 286.333333  661.5   84.1   8.8  348.5  13.7 0.000
286.333333 286.375000  661.4   94.4   7.3  341.5  11.1 0.000
286.375000 286.416667  661.2   95.7   7.5  331.2   9.8 0.000
286.416667 286.458333  660.7   82.0   8.6  340.4  12.5 0.000
286.458333 286.500000  660.5   83.0   8.0  357.5  11.0 0.000
286.500000 286.541667 9999.9 9999.9 999.9 9999.9 999.9 0.999
286.541667 286.583333 9999.9 9999.9 999.9 9999.9 999.9 0.999
286.583333 286.625000  660.1   97.5   6.5  302.1   6.7 0.000
286.625000 286.666667  660.4   99.8   6.0  281.6   4.7 0.000
286.666667 286.708333  660.7  100.0   5.7  272.5   3.3 0.000
286.708333 286.750000  660.9   99.4   5.1  205.7   2.2 0.000
286.750000 286.791667  661.1   87.1   4.8  112.0   0.3 0.000
286.791667 286.833333  661.0   87.2   4.5  152.1   3.2 0.000
286.833333 286.875000  660.7   83.7   4.7 9999.9 999.9 0.000
286.875000 286.916667  660.2   75.6   4.2  103.6   6.0 0.000
286.916667 286.958333  659.7   64.7   4.2   98.4   9.1 0.000
286.958333 287.000000  659.4   68.6   4.1   97.1   9.3 0.000
287.000000 287.041667  659.3   68.2   4.1  108.6   7.8 0.000
287.041667 287.083333  659.5   63.3   4.2  123.1   8.9 0.000
287.083333 287.125000  660.1   56.8   4.8  165.1   3.2 0.000
287.125000 287.166667  660.7   54.4   5.4  195.1   2.3 0.000
287.166667 287.208333  661.4   51.8   7.9  151.0   0.6 0.000
287.208333 287.250000  662.1   59.3   9.2   76.8   1.2 0.000
287.250000 287.291667  662.3   64.0   9.8   20.2   6.6 0.000
287.291667 287.333333  662.4   85.3   7.8  244.0   7.6 0.000
287.333333 287.375000  662.1   75.9   8.9  319.8   8.6 0.000
287.375000 287.416667  661.6   85.3   6.5   31.1   5.8 0.000
287.416667 287.458333  661.2   89.2   5.3  116.8   6.6 0.000
287.458333 287.500000  660.6   79.7   6.6   97.0   5.8 0.000
287.500000 287.541667  660.2   73.7   7.5  124.6   8.2 0.000
287.541667 287.583333  660.2   80.1   7.9  231.9   5.6 0.000
287.583333 287.625000  660.3   87.8   7.1  228.3   4.9 0.000
287.625000 287.666667  660.6   93.0   5.9  207.3   4.4 0.000
287.666667 287.708333  660.7   90.1   5.5  177.7   3.3 0.000
287.708333 287.750000  660.9   84.0   5.2  177.6   3.6 0.000
287.750000 287.791667  661.1   90.3   4.8  140.4   2.7 0.000
287.791667 287.833333  661.2   82.4   5.7  117.9   5.5 0.000
287.833333 287.875000  660.8   81.9   5.5   96.1   9.5 0.000
287.875000 287.916667  660.1   78.6   5.2  158.0   6.7 0.000
287.916667 287.958333  659.8   76.2   5.3  159.6   3.4 0.000
287.958333 288.000000  659.7   77.6   5.1   99.3   6.3 0.000
288.000000 288.041667  659.6   74.6   5.6  100.3   7.8 0.000
288.041667 288.083333  659.8   84.5   4.3  180.8   2.0 0.000
288.083333 288.125000  660.1   82.5   4.6  109.3   3.8 0.000
288.125000 288.166667  660.4   73.7   4.9  126.2   6.4 0.000
288.166667 288.208333  660.9   72.4   7.1  249.8   4.1 0.000
288.208333 288.250000  661.4   70.4   8.6  272.0   3.1 0.000
288.250000 288.291667  661.8   60.4  10.1    5.0   6.8 0.000
288.291667 288.333333  661.8   92.4   8.0  328.6   9.2 0.000
288.333333 288.375000  661.5   92.0   8.1  346.8  12.4 0.000
288.375000 288.416667  661.0   98.4   5.9  328.9   6.0 0.000
288.416667 288.458333  660.4   98.7   5.1   26.5   5.5 0.000
288.458333 288.500000  660.0   97.3   5.7   47.6   5.2 0.000
288.500000 288.541667  659.8   90.3   5.7   61.8   5.2 0.000
288.541667 288.583333  659.7   83.5   6.7  153.7   0.5 0.000
288.583333 288.625000  659.8   86.8   6.4  230.4   2.7 0.000
288.625000 288.666667  659.9   93.7   5.6 9999.9 999.9 0.000
288.666667 288.708333  660.2   92.1   5.0 9999.9 999.9 0.000
288.708333 288.750000  660.3   80.7   5.3  182.4   3.3 0.000
288.750000 288.791667  660.6   77.9   5.7  225.3   1.5 0.000
288.791667 288.833333  660.8   85.9   5.0  109.7   8.1 0.000
288.833333 288.875000  660.5   83.5   5.7  133.7   5.3 0.000
288.875000 288.916667  660.0   83.3   5.4  153.1   2.5 0.000
288.916667 288.958333  659.5   89.2   4.8  108.2   8.6 0.000
288.958333 289.000000  659.1   84.8   5.0  176.9   3.3 0.000
289.000000 289.041667  659.1   81.5   4.8  104.7   5.3 0.000
289.041667 289.083333  659.3   82.7   4.2  107.5   6.7 0.000
289.083333 289.125000  659.3   77.2   4.3  117.0  15.4 0.000
289.125000 289.166667  659.9   58.4   4.8  118.4  11.0 0.000
289.166667 289.208333  660.5   62.9   6.4  106.0  12.1 0.000
289.208333 289.250000  661.1   53.7   9.3   64.8   1.6 0.000
289.250000 289.291667  661.3   74.6   9.3  329.1   6.0 0.000
289.291667 289.333333  661.0   90.4   7.9  328.7   7.0 0.000
289.333333 289.375000  660.8   93.5   7.7  333.8  13.2 0.000
289.375000 289.416667  660.4   89.3   8.1  342.2  11.8 0.000
289.416667 289.458333  659.8   90.4   7.8  344.1  12.8 0.000
289.458333 289.500000  659.3   84.2   7.9  335.7  13.5 0.000
289.500000 289.541667  658.9   98.2   6.2  331.5   6.0 0.000
289.541667 289.583333  658.9   99.6   6.0  266.1   1.0 0.000
289.583333 289.625000  658.9   85.8   6.7  151.1   5.6 0.000
289.625000 289.666667  659.1   84.8   6.3  187.1   3.5 0.000
289.666667 289.708333  659.2   85.2   5.1  188.1   4.6 0.000
289.708333 289.750000  659.7   80.8   5.4  115.7   5.9 0.000
289.750000 289.791667  660.0   78.1   6.1  105.3   7.7 0.000
289.791667 289.833333  660.3   79.7   5.8  135.7   1.4 0.000
289.833333 289.875000  660.2   90.4   5.5   74.3   2.9 0.000
289.875000 289.916667  659.7   90.0   5.4  110.0   7.3 0.000
289.916667 289.958333  659.3   83.8   5.0  124.2   7.5 0.000
289.958333 290.000000  658.9   77.1   5.3  111.1   7.1 0.000
290.000000 290.041667  658.7   83.1   4.7  120.9   8.8 0.000
290.041667 290.083333  658.9   72.8   4.9   87.5   6.3 0.000
290.083333 290.125000  659.0   73.5   4.6  114.5  12.5 0.000
290.125000 290.166667  659.7   76.8   5.1  113.0   2.8 0.000
290.166667 290.208333  660.4   67.8   8.0   37.5   1.6 0.000
290.208333 290.250000  660.9   70.8   8.9  319.9   4.4 0.000
290.250000 290.291667  661.1   76.5   9.2  296.6   4.8 0.000
290.291667 290.333333  661.0   84.6   8.1  314.4   6.5 0.000
290.333333 290.375000  660.6   98.8   6.6  314.3   6.3 0.000
290.375000 290.416667  660.3   97.6   6.0  221.7   4.2 0.000
290.416667 290.458333  659.6   95.0   5.4  229.0   2.8 0.000
290.458333 290.500000  659.1   90.4   6.3  180.4   3.9 0.000
290.500000 290.541667  658.9   89.5   6.7  265.7   1.0 0.000
290.541667 290.583333  658.8   85.7   6.3  130.4   1.3 0.000
290.583333 290.625000  658.7   90.5   6.9  275.2   2.0 0.000
290.625000 290.666667  659.0   91.2   5.8  244.9   2.2 0.000
290.666667 290.708333  659.3   87.1   5.2  246.0   0.2 0.000
290.708333 290.750000  659.8   90.6   4.7   70.8   1.5 0.000
290.750000 290.791667  660.1   85.8   5.0  109.7   2.5 0.000
290.791667 290.833333  660.0   78.7   5.3  126.1   4.2 0.000
290.833333 290.875000  660.1   80.2   5.0  173.0   3.5 0.000
290.875000 290.916667  659.5   77.6   5.3  169.1   3.2 0.000
290.916667 290.958333  659.1   81.7   4.7  199.8   2.9 0.000
290.958333 291.000000  658.6   82.6   4.6   86.6   2.0 0.000
291.000000 291.041667  658.6   81.9   4.7  114.4   7.8 0.000
291.041667 291.083333  658.7   76.9   5.1  137.3   4.4 0.000
291.083333 291.125000  659.0   71.3   5.7  161.9   5.2 0.000
291.125000 291.166667  659.4   68.8   6.5  145.3   3.5 0.000
291.166667 291.208333  659.9   64.6   8.9  342.6   2.3 0.000
291.208333 291.250000  660.4   74.1   9.5  316.8   4.2 0.000
291.250000 291.291667  660.6   92.4   8.1  334.4   5.3 0.000
291.291667 291.333333  660.6   95.8   7.6  342.5  10.8 0.000
291.333333 291.375000  660.5  100.0   6.8  349.5   6.2 0.000
291.375000 291.416667  659.9  100.0   6.5  341.7   7.6 0.000
291.416667 291.458333  659.3  100.0   6.2  354.2   6.2 0.000
291.458333 291.500000  658.9 9999.9   6.2    5.7   4.3 0.000
291.500000 291.541667 9999.9 9999.9 999.9 9999.9 999.9 0.999
291.541667 291.583333 9999.9 9999.9 999.9 9999.9 999.9 0.999
291.583333 291.625000 9999.9 9999.9 999.9 9999.9 999.9 0.999
291.625000 291.666667 9999.9 9999.9 999.9 9999.9 999.9 0.999
291.666667 291.708333 9999.9 9999.9 999.9 9999.9 999.9 0.999
291.708333 291.750000 9999.9 9999.9 999.9 9999.9 999.9 0.999
291.750000 291.791667 9999.9 9999.9 999.9 9999.9 999.9 0.999
291.791667 291.833333 9999.9 9999.9 999.9 9999.9 999.9 0.999
291.833333 291.875000 9999.9 9999.9 999.9 9999.9 999.9 0.999
291.875000 291.916667 9999.9 9999.9 999.9 9999.9 999.9 0.999
291.916667 291.958333 9999.9 9999.9 999.9 9999.9 999.9 0.999
291.958333 292.000000 9999.9 9999.9 999.9 9999.9 999.9 0.999
292.000000 292.041667 9999.9 9999.9 999.9 9999.9 999.9 0.999
292.041667 292.083333 9999.9 9999.9 999.9 9999.9 999.9 0.999
292.083333 292.125000 9999.9 9999.9 999.9 9999.9 999.9 0.999
292.125000 292.166667 9999.9 9999.9 999.9 9999.9 999.9 0.999
292.166667 292.208333 9999.9 9999.9 999.9 9999.9 999.9 0.999
292.208333 292.250000 9999.9 9999.9 999.9 9999.9 999.9 0.999
292.250000 292.291667 9999.9 9999.9 999.9 9999.9 999.9 0.999
292.291667 292.333333 9999.9 9999.9 999.9 9999.9 999.9 0.999
292.333333 292.375000 9999.9 9999.9 999.9 9999.9 999.9 0.999
292.375000 292.416667 9999.9 9999.9 999.9 9999.9 999.9 0.999
292.416667 292.458333 9999.9 9999.9 999.9 9999.9 999.9 0.999
292.458333 292.500000 9999.9 9999.9 999.9 9999.9 999.9 0.999
292.500000 292.541667 9999.9 9999.9 999.9 9999.9 999.9 0.999
292.541667 292.583333 9999.9 9999.9 999.9 9999.9 999.9 0.999
292.583333 292.625000 9999.9 9999.9 999.9 9999.9 999.9 0.999
292.625000 292.666667 9999.9 9999.9 999.9 9999.9 999.9 0.999
292.666667 292.708333 9999.9 9999.9 999.9 9999.9 999.9 0.999
292.708333 292.750000 9999.9 9999.9 999.9 9999.9 999.9 0.999
292.750000 292.791667 9999.9 9999.9 999.9 9999.9 999.9 0.999
292.791667 292.833333 9999.9 9999.9 999.9 9999.9 999.9 0.999
292.833333 292.875000 9999.9 9999.9 999.9 9999.9 999.9 0.999
292.875000 292.916667 9999.9 9999.9 999.9 9999.9 999.9 0.999
292.916667 292.958333 9999.9 9999.9 999.9 9999.9 999.9 0.999
292.958333 293.000000 9999.9 9999.9 999.9 9999.9 999.9 0.999
