data/ebas/met/KE0001G.20030101000000.20100322000000.aws..met.1y.1h.KE01L_MKN_aws...nas
60 1001
Klausen, Joerg; Aseyo, John; Thiong'o, Kennedy
KE01L, Kenya Meteorological Department, , , "Dagoretti Corner, Nairobi, Kenya", , , , 
Aseyo, Mr John; Klausen, Joerg
GAW-WDCRG sel_HTAP
1 1
2003 01 01 2010 03 22
0.041667
days from file reference point
7
1 1 1 1 1 1 1
999.999999 9999.9 9999.9 999.9 9999.9 999.9 9.999
end_time of measurement, days from the file reference point
pressure, hPa, Method ref=KE01L_barometer_pressure_sensor
relative_humidity, %, Method ref=KE01L_hygrometer
temperature, deg C, Method ref=KE01L_thermometer_element
wind_direction, deg, Method ref=KE01L_wind_vane
wind_speed, m/s, Method ref=KE01L_anemometer
numflag, no unit
0
39
Data definition:              EBAS_1.1
Set type code:                TU
Timezone:                     UTC
File name:                    KE0001G.20030101000000.20100322000000.aws..met.1y.1h.KE01L_MKN_aws...nas
File creation:                20220608070148798000
Export state:                 20220608065414856000
Export filter:                exclude-900,exclude-invalid
Startdate:                    20030101000000
Revision date:                20100322000000
Statistics:                   arithmetic mean
Data level:                   
Period code:                  1y
Resolution code:              1h
Station code:                 KE0001G
Platform code:                KE0001S
Station name:                 Mt. Kenya
Station WDCA-ID:              GAWAKE__MKN
Station GAW-ID:               MKN
Station GAW-Name:             Mt. Kenya
Station land use:             Grassland
Station setting:              Mountain
Station GAW type:             G
Station WMO region:           1
Station latitude:             -0.0622
Station longitude:            37.2972
Station altitude:             3678.0 m
Regime:                       IMG
Component:                    
Matrix:                       met
Laboratory code:              KE01L
Instrument type:              aws
Instrument name:              MKN_aws
Method ref:                   
Originator:                   Klausen, Joerg, , , , , , , , , 
Originator:                   Aseyo, John, , , , , , , , , 
Originator:                   Thiong'o, Kennedy, , , , , , , , , 
Submitter:                    Aseyo, Mr John, , , , , , , , , 
Submitter:                    Klausen, Joerg, , , , , , , , , 
starttime endtime P rH T wind_d wind_s flag
[from data line 7607]
316.958333 317.000000  660.1   93.7   5.2   78.8   1.9 0.000
317.000000 317.041667  660.2   91.6   4.5  153.3   3.4 0.000
317.041667 317.083333  660.4   90.4   4.4  136.3   3.5 0.000
317.083333 317.125000  660.8   90.2   4.6  138.3   7.7 0.000
317.125000 317.166667  661.2   92.0   4.1  135.9  13.2 0.000
317.166667 317.208333  661.7   89.3   5.2   76.2   6.1 0.000
317.208333 317.250000  662.1   91.6   6.4   10.0   6.2 0.000
317.250000 317.291667  661.9   96.1   6.4    9.4  10.0 0.000
317.291667 317.333333  661.7   91.0   7.0   15.6  10.9 0.000
317.333333 317.375000  661.3   98.4   6.1   20.0  10.6 0.000
317.375000 317.416667  660.7   98.7   5.9   27.0  11.5 0.000
317.416667 317.458333  660.2   92.3   6.6   35.8   9.4 0.000
317.458333 317.500000  659.7   89.8   7.5    3.9   7.2 0.000
317.500000 317.541667  659.2   96.6   7.0  347.9   9.3 0.000
317.541667 317.583333  659.5 9999.9   5.8  243.9   3.8 0.000
317.583333 317.625000  660.0 9999.9   5.5  225.0   1.1 0.000
317.625000 317.666667  660.3 9999.9   5.6   44.8   2.0 0.000
317.666667 317.708333  660.8 9999.9   5.4  331.3   0.8 0.000
317.708333 317.750000  661.2 9999.9   5.2   29.3   2.6 0.000
317.750000 317.791667  661.5 9999.9   5.0   59.4   1.9 0.000
317.791667 317.833333  661.5   97.8   5.1  131.9   5.3 0.000
317.833333 317.875000  661.4   96.9   5.2  138.3   3.2 0.000
317.875000 317.916667  661.1   96.3   5.2  147.1   4.3 0.000
317.916667 317.958333  660.7   96.0   5.1   22.9   4.0 0.000
317.958333 318.000000  660.2   94.3   4.9   49.5   6.1 0.000
318.000000 318.041667  660.2   94.7   4.3   28.7   8.9 0.000
318.041667 318.083333  660.4   92.1   4.9   56.4   5.2 0.000
318.083333 318.125000  660.9   87.4   5.5   58.7   5.5 0.000
318.125000 318.166667  661.2   77.7   6.0   99.2   7.0 0.000
318.166667 318.208333  661.8   70.8   6.8   62.6   3.0 0.000
318.208333 318.250000  662.1   64.3   8.2   32.3   6.7 0.000
318.250000 318.291667  662.2   55.9   9.2   26.9   8.7 0.000
318.291667 318.333333  662.2   70.7   8.9  353.2   7.0 0.000
318.333333 318.375000  661.9   90.4   8.1  308.8   6.4 0.000
318.375000 318.416667  661.3   93.2   7.5  262.2   2.6 0.000
318.416667 318.458333  660.5   79.9   8.1    6.2  10.9 0.000
318.458333 318.500000  660.2   77.1   8.6   29.3  10.5 0.000
318.500000 318.541667  660.1   79.0   8.4   26.1   3.7 0.000
318.541667 318.583333  660.1   90.8   7.6  225.5   2.4 0.000
318.583333 318.625000  660.1   95.4   6.9  225.9   1.3 0.000
318.625000 318.666667  660.4   93.4   6.4   25.4   5.2 0.000
318.666667 318.708333  661.1   88.6   6.3   88.4   4.4 0.000
318.708333 318.750000  661.6   85.8   6.3  156.7  10.4 0.000
318.750000 318.791667  661.7   84.5   6.1  138.6   8.7 0.000
318.791667 318.833333  661.7   83.0   5.4  114.0   5.5 0.000
318.833333 318.875000  661.6   83.2   5.0  146.5  11.2 0.000
318.875000 318.916667  661.1   82.4   4.8  159.5  11.5 0.000
318.916667 318.958333  660.4   81.2   4.8  148.9  12.0 0.000
318.958333 319.000000  660.1   80.7   4.6  143.2  11.8 0.000
319.000000 319.041667  660.0   80.6   4.7  133.9  15.0 0.000
319.041667 319.083333  660.3   82.4   4.3  151.8  16.7 0.000
319.083333 319.125000  660.6   78.2   5.0  153.3  16.9 0.000
319.125000 319.166667  660.7   75.0   5.6  131.0  17.0 0.000
319.166667 319.208333  661.4   66.8   7.9    9.7   1.9 0.000
319.208333 319.250000  661.9   68.7   9.3  326.7   4.0 0.000
319.250000 319.291667  662.0   84.3   8.3  311.0   6.4 0.000
319.291667 319.333333  662.1   96.4   7.1  310.0   3.6 0.000
319.333333 319.375000  661.8   98.1   7.1  321.3   4.4 0.000
319.375000 319.416667  661.2  100.0   6.6  334.8   5.9 0.000
319.416667 319.458333  660.7 9999.9   6.7  351.2   6.1 0.000
319.458333 319.500000  660.2  100.0   7.2  359.2   9.3 0.000
319.500000 319.541667  659.9 9999.9   6.8  349.9   2.9 0.000
319.541667 319.583333  660.0   94.0   6.8  191.3   5.3 0.000
319.583333 319.625000  660.0   96.9   6.8  314.6   0.1 0.000
319.625000 319.666667  660.1   99.1   6.1   51.2   1.4 0.000
319.666667 319.708333  660.4   96.3   6.2   39.4   0.7 0.000
319.708333 319.750000  660.9   98.5   6.0 9999.9 999.9 0.000
319.750000 319.791667  661.1   96.7   6.0  350.4   3.1 0.000
319.791667 319.833333  661.1   99.4   5.3   57.4   0.9 0.000
319.833333 319.875000  660.7   91.0   5.1  127.3   9.9 0.000
319.875000 319.916667  660.3   84.8   5.2  136.7   3.8 0.000
319.916667 319.958333  660.0   87.6   4.7 9999.9 999.9 0.000
319.958333 320.000000  659.6   89.3   4.6  176.0   2.5 0.000
320.000000 320.041667  659.6   83.3   4.9  158.6   3.0 0.000
320.041667 320.083333  659.8   68.9   5.6  161.4   9.2 0.000
320.083333 320.125000  660.1   68.8   5.5  155.8  10.0 0.000
320.125000 320.166667  660.3   69.3   5.4  139.6  10.6 0.000
320.166667 320.208333  660.7   63.9   7.8  141.4  10.1 0.000
320.208333 320.250000  661.4   75.9   8.6  254.0   2.2 0.000
320.250000 320.291667  661.7   87.8   8.2  305.0   4.7 0.000
320.291667 320.333333  661.8   96.3   7.1  311.7   5.8 0.000
320.333333 320.375000  661.5   97.9   6.9  234.8   5.3 0.000
320.375000 320.416667  660.9   99.9   6.2  310.9   5.3 0.000
320.416667 320.458333  660.4  100.0   6.2  252.9   2.7 0.000
320.458333 320.500000  660.0   98.2   6.4  232.1   4.0 0.000
320.500000 320.541667  659.7   93.9   6.7  204.3   6.4 0.000
320.541667 320.583333  659.6   87.6   7.2  215.4   6.7 0.000
320.583333 320.625000  659.7   88.8   7.2  212.9   5.5 0.000
320.625000 320.666667  660.0   93.5   5.7  177.3   2.3 0.000
320.666667 320.708333  660.4   83.2   5.7  113.5   2.8 0.000
320.708333 320.750000  660.9   78.2   5.2   86.5   5.4 0.000
320.750000 320.791667  661.1   80.3   4.1  121.6   7.6 0.000
320.791667 320.833333  660.6   68.5   5.5  129.8  10.2 0.000
320.833333 320.875000  660.5   86.6   4.6  175.8   3.1 0.000
320.875000 320.916667  659.9   78.2   4.2  169.5   2.2 0.000
320.916667 320.958333  659.4   85.7   3.6  126.5   5.5 0.000
320.958333 321.000000  659.0   62.9   4.0  137.4   6.3 0.000
321.000000 321.041667  658.8   63.1   3.8  147.2   8.0 0.000
321.041667 321.083333  658.8   76.9   2.9  153.3   3.2 0.000
321.083333 321.125000  658.8   43.5   5.6  134.7  15.8 0.000
321.125000 321.166667  659.3   34.4   5.1  132.9   7.5 0.000
321.166667 321.208333  659.8   44.8   6.7  121.3   7.9 0.000
321.208333 321.250000  660.2   37.8   8.8  124.6  10.3 0.000
321.250000 321.291667  660.7   66.3   8.9   15.3   8.4 0.000
321.291667 321.333333  660.7   90.7   8.6  347.5  11.3 0.000
321.333333 321.375000  660.5   94.9   7.7  343.3  11.0 0.000
321.375000 321.416667  660.1   93.1   7.9  345.2  13.7 0.000
321.416667 321.458333  659.6   93.5   7.6  342.5  13.1 0.000
321.458333 321.500000  659.1   99.2   7.2  355.5   8.6 0.000
321.500000 321.541667  658.8   99.4   7.3  349.8   7.1 0.000
321.541667 321.583333  658.9 9999.9   6.3  317.4   2.9 0.000
321.583333 321.625000  659.2  100.0   6.2  178.3   2.6 0.000
321.625000 321.666667  659.5   96.2   6.2  199.3   4.6 0.000
321.666667 321.708333  659.9   98.8   5.9  186.4   3.8 0.000
321.708333 321.750000  660.4   98.7   6.0 9999.9 999.9 0.000
321.750000 321.791667  660.6   98.7   5.6 9999.9 999.9 0.000
321.791667 321.833333  660.3   94.0   5.2  140.9   2.5 0.000
321.833333 321.875000  660.0   73.5   4.9  147.8   5.7 0.000
321.875000 321.916667  659.5   69.7   5.4   83.9   3.7 0.000
321.916667 321.958333  658.8   74.6   5.5  118.9   2.9 0.000
321.958333 322.000000  658.3   81.5   6.0  151.5   8.6 0.000
322.000000 322.041667  658.2   91.8   5.1   52.4   1.8 0.000
322.041667 322.083333  658.4   96.8   5.4   24.9  10.0 0.000
322.083333 322.125000  658.6   97.0   5.3   49.5   7.8 0.000
322.125000 322.166667  659.1   97.5   4.9  166.1   1.6 0.000
322.166667 322.208333  659.7 9999.9   5.2  219.2   2.1 0.000
322.208333 322.250000  660.2 9999.9   5.8  233.2   2.1 0.000
322.250000 322.291667  660.4  100.0   6.4    1.4   3.5 0.000
322.291667 322.333333  660.3   99.4   7.2   23.3  11.1 0.000
322.333333 322.375000  659.9   97.0   7.8   33.2  12.1 0.000
322.375000 322.416667  659.4   92.6   8.5   69.6   6.4 0.000
322.416667 322.458333  658.8   98.0   7.6  281.8   5.5 0.000
322.458333 322.500000  658.3  100.0   7.2  296.3   3.0 0.000
322.500000 322.541667  658.2  100.0   7.3  295.6   5.2 0.000
322.541667 322.583333  658.3  100.0   6.9  315.5   4.0 0.000
322.583333 322.625000  658.7 9999.9   6.5  340.8   3.2 0.000
322.625000 322.666667  659.1   98.0   6.1  117.6   2.1 0.000
322.666667 322.708333  659.5   98.2   5.0  177.2   1.9 0.000
322.708333 322.750000  659.9   87.2   4.8  125.6  11.2 0.000
322.750000 322.791667  660.0   81.2   5.3  120.1  14.1 0.000
322.791667 322.833333  659.7   79.5   5.3  125.8   6.2 0.000
322.833333 322.875000  659.1   79.6   5.3  123.2  15.4 0.000
322.875000 322.916667  658.7   83.3   5.3  123.9  13.4 0.000
322.916667 322.958333  658.3   91.2   4.4  130.3   5.7 0.000
322.958333 323.000000  658.1   91.7   5.0  139.6   6.8 0.000
323.000000 323.041667  658.0   94.6   5.3   34.8   6.0 0.000
323.041667 323.083333  658.2   98.9   4.7   43.7   2.7 0.000
323.083333 323.125000  658.9   98.0   4.7  179.6   2.1 0.000
323.125000 323.166667  659.3   95.0   5.3  172.0   3.5 0.000
323.166667 323.208333  659.7   97.0   5.8  195.0   0.6 0.000
323.208333 323.250000  660.1   94.8   6.4  138.5   3.1 0.000
323.250000 323.291667  660.3   97.6   7.0   16.2   2.1 0.000
323.291667 323.333333  660.2 9999.9   7.3    7.6   4.7 0.000
323.333333 323.375000  659.9  100.0   7.8  311.8   2.8 0.000
323.375000 323.416667  659.1 9999.9   6.9  250.5   3.7 0.000
323.416667 323.458333  658.3 9999.9   6.9  281.6   3.0 0.000
323.458333 323.500000  657.9 9999.9   7.1  303.1   5.2 0.000
323.500000 323.541667  657.6 9999.9   7.3  282.5   3.5 0.000
323.541667 323.583333  657.9 9999.9   7.0  330.1   4.8 0.000
323.583333 323.625000  658.2 9999.9   6.9  309.2   1.6 0.000
323.625000 323.666667  658.8 9999.9   6.3  296.7   0.7 0.000
323.666667 323.708333  659.1 9999.9   5.9  130.4   2.2 0.000
323.708333 323.750000  659.5  100.0   5.4  188.7   3.2 0.000
323.750000 323.791667  659.8 9999.9   5.1  196.5   3.4 0.000
323.791667 323.833333  659.8   94.9   5.1  176.7   3.2 0.000
323.833333 323.875000  659.6   96.5   5.3  319.2   0.9 0.000
323.875000 323.916667  659.2   95.3   5.7  329.1   1.6 0.000
323.916667 323.958333  659.0   95.5   5.2  118.9   3.2 0.000
323.958333 324.000000  658.5   88.1   5.5  132.4  10.0 0.000
324.000000 324.041667  658.4   84.4   6.3  146.4   8.5 0.000
324.041667 324.083333  658.8   90.1   6.2  151.5   4.6 0.000
324.083333 324.125000  659.4   96.9   5.0   24.1   1.9 0.000
324.125000 324.166667  659.8   99.6   5.4   37.8   2.6 0.000
324.166667 324.208333  660.3   99.6   5.8   26.3   4.5 0.000
324.208333 324.250000  660.7   96.6   7.1   74.2   6.9 0.000
324.250000 324.291667  660.9   93.0   8.1  106.6   4.2 0.000
324.291667 324.333333  660.9  100.0   7.4  307.3   2.7 0.000
324.333333 324.375000  660.5 9999.9   7.4  332.0   5.3 0.000
324.375000 324.416667  659.9 9999.9   7.5  335.4   5.0 0.000
324.416667 324.458333  659.3 9999.9   7.5  350.0   5.7 0.000
324.458333 324.500000  658.8 9999.9   7.4  322.5   4.3 0.000
324.500000 324.541667  658.7 9999.9   7.5  335.2   6.0 0.000
324.541667 324.583333  658.8 9999.9   7.4    0.8  10.1 0.000
324.583333 324.625000  659.1   89.4   7.8   72.0   7.6 0.000
324.625000 324.666667  659.7   96.0   6.8  347.0   1.1 0.000
324.666667 324.708333  660.1 9999.9   6.0  197.2   1.5 0.000
324.708333 324.750000  660.7   99.5   5.6  190.8   2.6 0.000
324.750000 324.791667  661.1   92.0   6.3  117.4   4.5 0.000
324.791667 324.833333  660.9   84.5   6.3   81.5   3.9 0.000
324.833333 324.875000  660.7   85.2   5.9  154.2  11.7 0.000
324.875000 324.916667  660.5   87.0   6.0  145.6   7.7 0.000
324.916667 324.958333  660.1   88.7   6.0  101.2   2.9 0.000
324.958333 325.000000  659.8   83.3   5.8   52.3   7.9 0.000
325.000000 325.041667  659.7   90.9   4.3   52.8   8.5 0.000
325.041667 325.083333  659.8   92.0   4.5   37.5   9.3 0.000
325.083333 325.125000  659.9   86.1   5.8  145.0  14.4 0.000
325.125000 325.166667  660.4   80.4   6.4  141.7  13.9 0.000
325.166667 325.208333  661.1   78.4   7.6  125.1   9.1 0.000
325.208333 325.250000  661.6   86.7   7.1   42.2   9.6 0.000
325.250000 325.291667  661.7   91.3   7.3   35.2   9.1 0.000
325.291667 325.333333  661.7   92.2   8.6  348.7   4.3 0.000
325.333333 325.375000  661.5   87.4   8.0   61.6   7.7 0.000
325.375000 325.416667  660.9   75.7   9.7   53.3   9.3 0.000
325.416667 325.458333  660.2   76.0   9.3   75.5   8.5 0.000
325.458333 325.500000  659.8   87.4   8.6    2.2   2.5 0.000
325.500000 325.541667  659.5   99.0   7.8  260.6   3.4 0.000
325.541667 325.583333  659.6   99.4   7.5  218.1   4.5 0.000
325.583333 325.625000  659.9   99.8   6.9  213.7   3.8 0.000
325.625000 325.666667  660.3   99.2   6.6    5.1   2.5 0.000
325.666667 325.708333  660.8 9999.9   6.2  316.4   2.3 0.000
325.708333 325.750000  661.2 9999.9   6.0  347.8   1.4 0.000
325.750000 325.791667  661.6 9999.9   5.5   63.8   2.9 0.000
325.791667 325.833333  661.7  100.0   5.3  185.7   4.2 0.000
325.833333 325.875000  661.4 9999.9   5.4  185.0   2.0 0.000
325.875000 325.916667  660.9 9999.9   5.4  162.7   0.5 0.000
325.916667 325.958333  660.2   90.9   6.2  151.4   0.8 0.000
325.958333 326.000000  659.8   97.8   5.1  208.4   0.6 0.000
326.000000 326.041667  659.5   92.0   5.3  132.4   7.3 0.000
326.041667 326.083333  659.6   88.7   5.8  136.6   3.4 0.000
326.083333 326.125000  660.1   88.4   5.8  122.4   1.5 0.000
326.125000 326.166667  660.5   95.7   5.3  146.9   2.1 0.000
326.166667 326.208333  661.0   89.5   6.8  172.5   1.9 0.000
326.208333 326.250000  661.3   84.8   8.1  335.4   4.6 0.000
326.250000 326.291667  661.5   97.4   6.9  335.9   5.1 0.000
326.291667 326.333333  661.3   99.4   6.3  320.6   3.5 0.000
326.333333 326.375000  661.0   97.9   6.4  309.7   2.3 0.000
326.375000 326.416667  660.5   96.8   6.1   88.8   2.2 0.000
326.416667 326.458333  659.7   97.4   7.2  344.0   5.2 0.000
326.458333 326.500000  659.2  100.0   6.2  341.7   6.3 0.000
326.500000 326.541667  659.1 9999.9   5.9  339.6   4.1 0.000
326.541667 326.583333  659.0 9999.9   5.6  337.3   2.1 0.000
326.583333 326.625000  659.2 9999.9   5.8 9999.9 999.9 0.000
326.625000 326.666667  659.6   99.0   5.4  136.0   2.3 0.000
326.666667 326.708333  660.1   93.5   5.6  124.0   0.2 0.000
326.708333 326.750000  660.7   91.7   5.5   86.1   2.3 0.000
326.750000 326.791667  661.2   95.3   5.0   48.4   1.7 0.000
326.791667 326.833333  661.1   93.1   4.8  139.6   2.0 0.000
326.833333 326.875000  660.7   92.1   5.0  160.9   2.4 0.000
326.875000 326.916667  660.3   94.4   4.9  133.9   1.0 0.000
326.916667 326.958333  659.8   89.4   5.0  134.0   1.7 0.000
326.958333 327.000000  659.3   86.9   5.0   56.9   1.4 0.000
327.000000 327.041667  659.2   91.9   4.3  102.1   2.0 0.000
327.041667 327.083333  659.4   94.1   5.0  130.7   4.1 0.000
327.083333 327.125000  659.8   91.4   5.3   93.3   2.6 0.000
327.125000 327.166667  659.9   90.5   5.1   69.1   4.6 0.000
327.166667 327.208333  660.3   87.8   5.3   27.3   8.7 0.000
327.208333 327.250000  660.8   74.2   7.1   21.9  10.0 0.000
327.250000 327.291667  661.1   65.7   8.1    9.6  10.9 0.000
327.291667 327.333333  661.1   68.6   8.3    6.3  10.4 0.000
327.333333 327.375000  660.8   70.0   8.8    2.8  10.5 0.000
327.375000 327.416667  660.0   76.1   8.9  354.7  12.0 0.000
327.416667 327.458333  659.4   89.1   7.3  354.9  11.9 0.000
327.458333 327.500000  659.0   96.1   6.6  344.3   7.3 0.000
327.500000 327.541667  658.6   94.2   6.8  344.5   3.3 0.000
327.541667 327.583333  658.6   94.3   7.3  316.2   3.4 0.000
327.583333 327.625000  658.8  100.0   6.3  294.0   1.6 0.000
327.625000 327.666667  659.2   93.2   6.4  124.3   4.0 0.000
327.666667 327.708333  659.6   92.4   6.5  147.0   4.0 0.000
327.708333 327.750000  660.4   97.3   6.3   49.5   5.5 0.000
327.750000 327.791667  660.8   99.6   5.6   32.9   6.9 0.000
327.791667 327.833333  660.7   98.4   5.0   81.8   9.5 0.000
