data/ebas/met/KE0001G.20060101000000.20100322000000.aws..met.5mo.1h.KE01L_MKN_aws...nas
60 1001
Klausen, Joerg; Aseyo, John; Thiong'o, Kennedy
KE01L, Kenya Meteorological Department, , , "Dagoretti Corner, Nairobi, Kenya", , , , 
Aseyo, Mr John; Klausen, Joerg
GAW-WDCRG sel_HTAP
1 1
2006 01 01 2010 03 22
0.041667
days from file reference point
7
1 1 1 1 1 1 1
999.999999 9999.9 9999.9 999.9 9999.9 999.9 9.999
end_time of measurement, days from the file reference point
pressure, hPa, Method ref=KE01L_barometer_pressure_sensor
relative_humidity, %, Method ref=KE01L_hygrometer
temperature, deg C, Method ref=KE01L_thermometer_element
wind_direction, deg, Method ref=KE01L_wind_vane
wind_speed, m/s, Method ref=KE01L_anemometer
numflag, no unit
0
39
Data definition:              EBAS_1.1
Set type code:                TU
Timezone:                     UTC
File name:                    KE0001G.20060101000000.20100322000000.aws..met.5mo.1h.KE01L_MKN_aws...nas
File creation:                20220608070152070000
Export state:                 20220608065414856000
Export filter:                exclude-900,exclude-invalid
Startdate:                    20060101000000
Revision date:                20100322000000
Statistics:                   arithmetic mean
Data level:                   
Period code:                  5mo
Resolution code:              1h
Station code:                 KE0001G
Platform code:                KE0001S
Station name:                 Mt. Kenya
Station WDCA-ID:              GAWAKE__MKN
Station GAW-ID:               MKN
Station GAW-Name:             Mt. Kenya
Station land use:             Grassland
Station setting:              Mountain
Station GAW type:             G
Station WMO region:           1
Station latitude:             -0.0622
Station longitude:            37.2972
Station altitude:             3678.0 m
Regime:                       IMG
Component:                    
Matrix:                       met
Laboratory code:              KE01L
Instrument type:              aws
Instrument name:              MKN_aws
Method ref:                   
Originator:                   Klausen, Joerg, , , , , , , , , 
Originator:                   Aseyo, John, , , , , , , , , 
Originator:                   Thiong'o, Kennedy, , , , , , , , , 
Submitter:                    Aseyo, Mr John, , , , , , , , , 
Submitter:                    Klausen, Joerg, , , , , , , , , 
starttime endtime P rH T wind_d wind_s flag
[from data line 2361]
 98.375000  98.416667  659.5 9999.9   7.2  352.8   3.2 0.000
 98.416667  98.458333  658.9  100.0   7.4  352.3   4.1 0.000
 98.458333  98.500000  658.2   95.0   7.7  357.8   9.1 0.000
 98.500000  98.541667  657.7   96.9   6.9    7.3   7.4 0.000
 98.541667  98.583333  657.5   90.3   8.0   42.7   9.2 0.000
 98.583333  98.625000  657.6   85.5   8.3  116.5   7.2 0.000
 98.625000  98.666667  658.0   91.8   7.0  135.1   5.0 0.000
 98.666667  98.708333  658.6  100.0   6.1  189.2   1.4 0.000
 98.708333  98.750000  659.1   98.1   6.2   56.7   3.1 0.000
 98.750000  98.791667  659.4   97.9   5.9   92.7   3.7 0.000
 98.791667  98.833333  659.4   96.7   6.1  108.2   5.5 0.000
 98.833333  98.875000  659.2   93.5   6.1  142.0   9.7 0.000
 98.875000  98.916667  658.8   97.6   5.8  149.4  11.1 0.000
 98.916667  98.958333  658.5   99.0   5.7  110.8   2.8 0.000
 98.958333  99.000000  658.2   98.4   5.6  121.4   4.6 0.000
 99.000000  99.041667  658.1   97.1   5.4   81.0   7.4 0.000
 99.041667  99.083333  657.9   91.9   4.6  147.7  21.2 0.000
 99.083333  99.125000  658.1   77.7   5.1  135.4  15.1 0.000
 99.125000  99.166667  658.5   68.5   5.5  133.6  16.3 0.000
 99.166667  99.208333  659.1   56.2   7.6  156.5  16.4 0.000
 99.208333  99.250000  659.6   61.6   8.7  115.8  12.5 0.000
 99.250000  99.291667  660.1   67.7   9.4  107.3   6.6 0.000
 99.291667  99.333333  660.2   66.0  10.4   77.8   5.8 0.000
 99.333333  99.375000  660.0   88.3   9.5  317.5   4.2 0.000
 99.375000  99.416667  659.7   98.1   7.8  269.5   5.0 0.000
 99.416667  99.458333  659.2   93.5   8.7  303.8   3.5 0.000
 99.458333  99.500000  658.5   97.3   8.2  286.4   3.9 0.000
 99.500000  99.541667  658.3   89.0   9.2  359.9   5.9 0.000
 99.541667  99.583333  658.2   97.3   7.2  130.1   1.3 0.000
 99.583333  99.625000  658.4   92.1   7.3  331.6   2.9 0.000
 99.625000  99.666667  658.7   93.9   5.9  102.9   2.4 0.000
 99.666667  99.708333  658.9   86.8   5.7  133.4   9.8 0.000
 99.708333  99.750000  659.6   99.7   4.8  154.6   1.8 0.000
 99.750000  99.791667  660.2   77.1   5.2  123.2  12.4 0.000
 99.791667  99.833333  660.3   62.4   5.3  134.5  16.3 0.000
 99.833333  99.875000  660.2   71.7   5.0  123.2  12.2 0.000
 99.875000  99.916667  659.9   81.1   4.1  134.6  13.4 0.000
 99.916667  99.958333  659.1   66.2   5.4  136.8  16.3 0.000
 99.958333 100.000000  658.8   53.0   5.3  151.6  14.8 0.000
100.000000 100.041667  658.6   47.3   5.1  151.2  17.1 0.000
100.041667 100.083333  658.5   47.5   5.2  153.3  18.9 0.000
100.083333 100.125000  658.5   71.8   4.7  152.1  21.0 0.000
100.125000 100.166667  658.6   74.7   4.9  144.1  21.5 0.000
100.166667 100.208333  659.3   70.1   6.6  140.0  17.9 0.000
100.208333 100.250000  660.1   66.5   8.1   37.9  14.2 0.000
100.250000 100.291667  660.5   70.6   9.0   44.0  12.9 0.000
100.291667 100.333333  660.6   79.0   9.6  354.9   5.6 0.000
100.333333 100.375000  660.3   91.5   9.0  233.7   6.7 0.000
100.375000 100.416667  659.9   84.7  10.6  259.0   6.6 0.000
100.416667 100.458333  659.4   96.2   7.8  242.4   5.5 0.000
100.458333 100.500000  658.8   96.0   8.0  231.6   4.1 0.000
100.500000 100.541667  658.4  100.0   7.5  317.3   2.0 0.000
100.541667 100.583333  658.3 9999.9   6.8  352.5   1.6 0.000
100.583333 100.625000  658.2   97.0   6.6  133.7   8.1 0.000
100.625000 100.666667  658.4   97.2   6.1  151.6  14.1 0.000
100.666667 100.708333  658.8   97.9   6.0  154.6   5.6 0.000
100.708333 100.750000  659.4   97.6   5.7  134.6   5.6 0.000
100.750000 100.791667  659.9   96.7   5.6  132.0  12.4 0.000
100.791667 100.833333  660.0   89.3   5.7  134.9   5.3 0.000
100.833333 100.875000  659.9   97.1   4.7  135.1   9.6 0.000
100.875000 100.916667  659.6   94.9   5.5   93.2   4.3 0.000
100.916667 100.958333  659.1   98.1   4.9  112.9   0.9 0.000
100.958333 101.000000  658.5   99.6   4.7   40.7   7.3 0.000
101.000000 101.041667  658.3   84.8   5.2  154.9   9.7 0.000
101.041667 101.083333  658.2   85.4   5.4  133.7   7.0 0.000
101.083333 101.125000  658.3   82.8   5.5  173.0   2.4 0.000
101.125000 101.166667  658.5   79.0   5.6  160.4   1.4 0.000
101.166667 101.208333  658.7   85.5   6.0  294.0   0.2 0.000
101.208333 101.250000  659.1   82.2   7.3   48.5   1.8 0.000
101.250000 101.291667  659.6   93.8   7.4  292.2   4.1 0.000
101.291667 101.333333  659.7   99.3   6.4  317.5   5.0 0.000
101.333333 101.375000  659.5   98.6   6.9  256.4   3.4 0.000
101.375000 101.416667  659.0   99.4   7.1  239.5   5.1 0.000
101.416667 101.458333  658.5   98.3   7.6  285.3   4.2 0.000
101.458333 101.500000  658.0   99.0   7.3  246.4   3.3 0.000
101.500000 101.541667  657.4   93.4   8.0  271.7   5.3 0.000
101.541667 101.583333  657.2 9999.9   6.7  309.5   5.0 0.000
101.583333 101.625000  657.2 9999.9   6.9  226.3   1.7 0.000
101.625000 101.666667  657.4 9999.9   6.4  198.4   2.2 0.000
101.666667 101.708333  657.7   99.8   5.2  153.2   1.8 0.000
101.708333 101.750000  658.2   99.0   5.2  168.1   1.3 0.000
101.750000 101.791667  658.5   91.1   4.8  116.9   1.0 0.000
101.791667 101.833333  658.6   98.4   4.2   41.1   0.5 0.000
101.833333 101.875000  658.6   97.1   3.9  142.3   1.7 0.000
101.875000 101.916667  658.3   85.1   4.3  130.7   6.8 0.000
101.916667 101.958333  657.8   86.9   4.1  136.0  11.3 0.000
101.958333 102.000000  657.3   81.6   4.6  147.4  11.9 0.000
102.000000 102.041667  657.1   75.7   4.4  155.5   9.3 0.000
102.041667 102.083333  657.0   75.8   4.4  149.6   5.2 0.000
102.083333 102.125000  657.1   65.2   4.5  136.4   7.3 0.000
102.125000 102.166667  657.4   56.3   4.5  145.0   7.6 0.000
102.166667 102.208333  657.8   42.3   6.6  162.0   4.1 0.000
102.208333 102.250000  658.5   62.8   8.5  202.5   3.0 0.000
102.250000 102.291667  659.1   82.7   9.1  263.0   4.9 0.000
102.291667 102.333333  659.3   88.4   8.7  257.2   5.2 0.000
102.333333 102.375000  659.2   91.5   8.3  276.2   5.7 0.000
102.375000 102.416667  658.7   87.9   9.5  231.1   6.6 0.000
102.416667 102.458333  658.0   95.6   7.7  247.9   5.8 0.000
102.458333 102.500000  657.5 9999.9   6.7  225.5   3.4 0.000
102.500000 102.541667  657.1  100.0   6.8  278.2   2.9 0.000
102.541667 102.583333  657.1 9999.9   6.2  257.1   3.1 0.000
102.583333 102.625000  657.2   99.9   6.1  335.8   1.1 0.000
102.625000 102.666667  657.4   97.9   6.2   97.6   1.2 0.000
102.666667 102.708333  657.8   94.9   5.4  181.0   1.9 0.000
102.708333 102.750000  658.3   89.5   5.2  188.5   0.3 0.000
102.750000 102.791667  658.7   87.5   5.2  164.8   0.5 0.000
102.791667 102.833333  659.0   83.2   4.2  131.9   2.4 0.000
102.833333 102.875000  658.9   75.2   4.5  141.5   6.5 0.000
102.875000 102.916667  658.6   85.0   4.3  147.0   4.0 0.000
102.916667 102.958333  657.9   69.6   5.4  131.3   9.2 0.000
102.958333 103.000000  657.5   65.1   5.2  137.1   2.3 0.000
103.000000 103.041667  657.2   66.0   5.1  138.1   8.4 0.000
103.041667 103.083333  657.5   68.3   5.1  129.4   8.0 0.000
103.083333 103.125000  657.7   66.8   4.6  119.6  14.0 0.000
103.125000 103.166667  658.1   60.7   5.2  121.1  13.5 0.000
103.166667 103.208333  658.7   53.8   7.8  125.4  11.3 0.000
103.208333 103.250000  659.5   62.0  11.9  261.3   1.7 0.000
103.250000 103.291667  660.0   60.5  14.4  309.5   5.7 0.000
103.291667 103.333333  660.2   81.3   9.8  269.7   6.0 0.000
103.333333 103.375000  660.3   89.9   8.3  319.1   2.8 0.000
103.375000 103.416667  660.0   89.7   8.4  303.1   6.8 0.000
103.416667 103.458333  659.6   84.3   9.4  226.8  10.5 0.000
103.458333 103.500000  659.2   92.4   8.0  210.2  10.5 0.000
103.500000 103.541667  658.9   85.4   9.7  297.7   5.9 0.000
103.541667 103.583333  658.8   99.2   7.5  350.0   7.1 0.000
103.583333 103.625000  659.0   95.7   7.6   23.8   8.9 0.000
103.625000 103.666667  659.2   90.2   6.8  150.5   6.8 0.000
103.666667 103.708333  659.7   96.3   5.6  191.7   7.5 0.000
103.708333 103.750000  660.3   92.6   5.8  170.2   6.0 0.000
103.750000 103.791667  660.9   87.8   5.4  164.8   3.2 0.000
103.791667 103.833333  661.4   90.4   5.4  122.6   2.2 0.000
103.833333 103.875000  661.3   88.1   4.3  126.1   6.0 0.000
103.875000 103.916667  660.7   74.2   4.4  128.5   9.0 0.000
103.916667 103.958333  660.3   56.6   5.5  101.9   4.6 0.000
103.958333 104.000000  660.1   61.3   4.8   97.8   2.8 0.000
104.000000 104.041667  660.0   67.7   5.4  128.1   2.6 0.000
104.041667 104.083333  660.2   54.8   5.1  100.9   2.9 0.000
104.083333 104.125000  660.4   41.1   5.1   87.3   5.8 0.000
104.125000 104.166667  660.9   40.1   5.1  124.0   6.8 0.000
104.166667 104.208333  661.4   39.6   6.9   69.2   5.3 0.000
104.208333 104.250000  661.7   40.0   8.5   23.7   8.1 0.000
104.250000 104.291667  662.1   42.7   9.6    1.0   9.7 0.000
104.291667 104.333333  662.2   45.2   9.7    4.1  11.3 0.000
104.333333 104.375000  662.0   50.7  10.5  359.0  12.4 0.000
104.375000 104.416667  661.6   58.3  10.7  359.8  14.5 0.000
104.416667 104.458333  661.3   62.3  10.6    2.2  15.1 0.000
104.458333 104.500000  660.8   62.8  10.6    1.7  13.9 0.000
104.500000 104.541667  660.5   62.3   9.9    2.4  13.5 0.000
104.541667 104.583333  660.2   67.5   9.2    1.3  11.5 0.000
104.583333 104.625000  660.2   81.1   8.2    1.3   9.0 0.000
104.625000 104.666667  660.4   83.0   7.0   18.5   6.5 0.000
104.666667 104.708333  660.8   85.7   6.1   79.2   2.2 0.000
104.708333 104.750000  661.1   72.6   6.3  164.6   2.7 0.000
104.750000 104.791667  661.6   80.5   5.4  144.8   0.8 0.000
104.791667 104.833333  662.0   85.1   5.0  114.5   2.6 0.000
104.833333 104.875000  661.7   75.3   5.5  117.0   5.5 0.000
104.875000 104.916667  661.2   86.1   5.0   57.9   6.0 0.000
104.916667 104.958333  660.9   85.8   5.4  143.6   4.1 0.000
104.958333 105.000000  660.5   79.1   6.0  167.9   3.1 0.000
105.000000 105.041667  660.3   78.2   6.2   19.3   1.7 0.000
105.041667 105.083333  660.2   81.3   5.7  355.8   1.8 0.000
105.083333 105.125000  660.2   82.6   5.2   98.9   3.6 0.000
105.125000 105.166667  660.4   82.0   5.5   35.2  10.2 0.000
105.166667 105.208333  660.7   79.5   6.8   38.2  12.8 0.000
105.208333 105.250000  661.1   75.2   8.1   33.3  13.0 0.000
105.250000 105.291667  661.4   66.4   9.6   22.1  14.9 0.000
105.291667 105.333333  661.5   63.8  10.4   13.2  12.3 0.000
105.333333 105.375000  661.3   63.3  10.6    7.3  11.8 0.000
105.375000 105.416667  660.7   64.6  11.2    7.1  14.8 0.000
105.416667 105.458333  660.1   70.8  10.6    6.1  17.0 0.000
105.458333 105.500000  659.6   75.1   9.8   12.5  15.4 0.000
105.500000 105.541667  659.2   82.4   8.0   23.3  11.1 0.000
105.541667 105.583333  658.7   77.8   8.1   54.8   5.4 0.000
105.583333 105.625000  658.6   64.9   8.7  131.1   1.8 0.000
105.625000 105.666667  658.9   64.2   7.5  212.6   1.9 0.000
105.666667 105.708333  659.4   77.3   5.9  174.6   1.3 0.000
105.708333 105.750000  659.9   86.1   5.6  108.2   2.5 0.000
105.750000 105.791667  660.2   82.3   6.0   72.2   1.6 0.000
105.791667 105.833333  660.5   89.6   5.2  122.9   9.5 0.000
105.833333 105.875000  660.5   82.5   6.2   35.8   4.0 0.000
105.875000 105.916667  660.0   89.7   5.5  116.2   5.0 0.000
105.916667 105.958333  659.6   91.4   5.5  114.7   4.0 0.000
105.958333 106.000000  659.3   86.8   6.0   97.1   1.1 0.000
106.000000 106.041667  659.1   88.4   6.2   73.8   0.9 0.000
106.041667 106.083333  659.1   89.8   6.2   38.9   1.3 0.000
106.083333 106.125000  659.3   92.1   6.1   25.1   1.9 0.000
106.125000 106.166667  659.5   91.9   5.8   41.5   1.0 0.000
106.166667 106.208333  660.0   92.3   6.3   40.1   2.4 0.000
106.208333 106.250000  660.4   83.0   7.9   24.5   6.3 0.000
106.250000 106.291667  660.5   72.3   9.6    8.0   9.0 0.000
106.291667 106.333333  660.6   80.0   9.3  343.9  13.2 0.000
106.333333 106.375000  660.5   84.5   8.7  349.2  10.3 0.000
106.375000 106.416667  659.9   84.3   9.3  358.2  11.1 0.000
106.416667 106.458333  659.3   97.9   7.4   11.6  11.2 0.000
106.458333 106.500000  658.8   94.5   7.8   11.8  10.6 0.000
106.500000 106.541667  658.4   96.4   7.4   25.3   6.3 0.000
106.541667 106.583333  658.0   86.8   8.2   91.3   1.7 0.000
106.583333 106.625000  658.2   90.9   8.1  233.8   2.1 0.000
106.625000 106.666667  658.5   96.7   7.2   98.9   0.7 0.000
106.666667 106.708333  658.7   95.3   6.8  109.0   4.9 0.000
106.708333 106.750000  659.3   93.6   6.4  145.2   3.5 0.000
106.750000 106.791667  659.5   86.1   6.7  112.6   3.7 0.000
106.791667 106.833333  659.8   89.4   6.1  123.0   4.7 0.000
106.833333 106.875000  659.8   97.5   5.0  191.2   3.9 0.000
106.875000 106.916667  659.4   94.3   5.3  168.1   2.6 0.000
106.916667 106.958333  658.9   92.9   5.4  157.4   1.0 0.000
106.958333 107.000000  658.7   91.8   5.6  117.5   2.2 0.000
107.000000 107.041667  658.6   94.1   5.5   80.4   3.6 0.000
107.041667 107.083333  658.8   84.4   6.1  138.6   8.2 0.000
107.083333 107.125000  659.0   84.5   5.9   65.5   4.8 0.000
107.125000 107.166667  659.2   79.0   5.7  136.5   8.3 0.000
107.166667 107.208333  659.7   61.8   7.4   67.8   7.0 0.000
107.208333 107.250000  660.3   53.7   8.5   33.8   9.3 0.000
107.250000 107.291667  660.7   47.5   9.2   29.7  13.3 0.000
107.291667 107.333333  660.8   50.3  10.0   34.6  12.9 0.000
107.333333 107.375000  660.8   49.4  10.7   19.7  14.9 0.000
107.375000 107.416667  660.3   59.2  11.0    9.3  16.8 0.000
107.416667 107.458333  659.8   64.4   9.9    4.8  13.3 0.000
107.458333 107.500000  659.4   73.7   8.6  359.4  12.4 0.000
107.500000 107.541667  659.1   77.4   8.5   12.5   8.8 0.000
107.541667 107.583333  658.8   79.7   9.5  352.0   9.4 0.000
107.583333 107.625000  659.1   94.7   7.9    3.4   7.1 0.000
107.625000 107.666667  659.4   99.9   6.8   17.4   3.0 0.000
107.666667 107.708333  659.8   96.8   6.6  152.9   2.0 0.000
107.708333 107.750000  660.3   87.0   5.9  140.5   4.3 0.000
107.750000 107.791667  660.6   82.4   5.6  173.2   6.0 0.000
107.791667 107.833333  660.8   80.0   6.0  134.9   3.4 0.000
107.833333 107.875000  660.8   83.7   5.6  106.0   2.6 0.000
107.875000 107.916667  660.4   84.7   5.0  143.7   8.4 0.000
107.916667 107.958333  660.0   78.5   5.4  134.5   6.9 0.000
107.958333 108.000000  659.5   80.1   5.9  114.4   4.7 0.000
108.000000 108.041667  659.2   79.0   5.9  118.1   8.1 0.000
108.041667 108.083333  659.4   81.1   5.8  141.6   9.5 0.000
108.083333 108.125000  659.7   79.1   5.9  122.0   5.7 0.000
108.125000 108.166667  659.8   85.6   5.3  146.5  15.8 0.000
108.166667 108.208333  660.1   73.2   8.0  128.9   9.5 0.000
108.208333 108.250000  660.6   68.7   9.5   93.1   7.4 0.000
108.250000 108.291667  661.2   68.3  10.0   85.4   6.9 0.000
108.291667 108.333333  661.4   90.2   8.8  332.2   5.6 0.000
108.333333 108.375000  661.4   89.5   9.2  328.4   5.9 0.000
108.375000 108.416667  661.0   75.0  10.9    8.6   9.6 0.000
108.416667 108.458333  660.5   86.5  10.1  344.7  13.1 0.000
108.458333 108.500000  660.2   92.0   9.1  348.9   8.8 0.000
108.500000 108.541667  659.8   92.8   9.1  339.0   7.2 0.000
108.541667 108.583333  659.5   90.1   8.8  342.2   9.3 0.000
108.583333 108.625000  659.6   91.7   8.2  336.5   7.2 0.000
108.625000 108.666667  659.5   99.3   6.9  315.9   2.6 0.000
108.666667 108.708333  660.0   93.1   5.7  163.8   2.6 0.000
108.708333 108.750000  660.5   79.6   5.8  132.3   9.2 0.000
108.750000 108.791667  661.1   77.6   6.8  131.2   8.1 0.000
108.791667 108.833333  661.5   81.1   6.2  132.8   5.6 0.000
108.833333 108.875000  661.2   82.0   5.8  127.4   7.7 0.000
108.875000 108.916667  660.9   79.4   5.0  133.7   9.8 0.000
108.916667 108.958333  660.5   79.4   4.9  139.5  12.0 0.000
108.958333 109.000000  659.8   75.1   5.3  119.7  14.5 0.000
109.000000 109.041667  659.6   71.0   5.3  122.6  11.9 0.000
109.041667 109.083333  659.6   70.3   5.4  136.0  11.3 0.000
109.083333 109.125000  660.0   69.5   5.4  154.9   9.4 0.000
109.125000 109.166667  660.3   74.4   5.4  155.0  10.9 0.000
109.166667 109.208333  660.7   72.4   7.1  151.9  10.2 0.000
109.208333 109.250000  661.2   63.9   8.9   60.4   6.3 0.000
