data/ebas/met/KE0001G.20020531230000.20100322000000.aws..met.7mo.1h.KE01L_MKN_aws...nas
60 1001
Klausen, Joerg; Aseyo, John; Thiong'o, Kennedy
KE01L, Kenya Meteorological Department, , , "Dagoretti Corner, Nairobi, Kenya", , , , 
Aseyo, Mr John; Klausen, Joerg
GAW-WDCRG sel_HTAP
1 1
2002 01 01 2010 03 22
0.041667
days from file reference point
7
1 1 1 1 1 1 1
999.999999 9999.9 9999.9 999.9 9999.9 999.9 9.999
end_time of measurement, days from the file reference point
pressure, hPa, Method ref=KE01L_barometer_pressure_sensor
relative_humidity, %, Method ref=KE01L_hygrometer
temperature, deg C, Method ref=KE01L_thermometer_element
wind_direction, deg, Method ref=KE01L_wind_vane
wind_speed, m/s, Method ref=KE01L_anemometer
numflag, no unit
0
39
Data definition:              EBAS_1.1
Set type code:                TU
Timezone:                     UTC
File name:                    KE0001G.20020531230000.20100322000000.aws..met.7mo.1h.KE01L_MKN_aws...nas
File creation:                20220608070148181000
Export state:                 20220608065414856000
Export filter:                exclude-900,exclude-invalid
Startdate:                    20020531230000
Revision date:                20100322000000
Statistics:                   arithmetic mean
Data level:                   
Period code:                  7mo
Resolution code:              1h
Station code:                 KE0001G
Platform code:                KE0001S
Station name:                 Mt. Kenya
Station WDCA-ID:              GAWAKE__MKN
Station GAW-ID:               MKN
Station GAW-Name:             Mt. Kenya
Station land use:             Grassland
Station setting:              Mountain
Station GAW type:             G
Station WMO region:           1
Station latitude:             -0.0622
Station longitude:            37.2972
Station altitude:             3678.0 m
Regime:                       IMG
Component:                    
Matrix:                       met
Laboratory code:              KE01L
Instrument type:              aws
Instrument name:              MKN_aws
Method ref:                   
Originator:                   Klausen, Joerg, , , , , , , , , 
Originator:                   Aseyo, John, , , , , , , , , 
Originator:                   Thiong'o, Kennedy, , , , , , , , , 
Submitter:                    Aseyo, Mr John, , , , , , , , , 
Submitter:                    Klausen, Joerg, , , , , , , , , 
starttime endtime P rH T wind_d wind_s flag
[from data line 4722]
347.708333 347.750000  661.8   83.3   6.1  123.1   8.9 0.000
347.750000 347.791667  662.0   89.4   5.6  149.4   5.6 0.000
347.791667 347.833333  661.9   85.3   5.7  157.9   5.1 0.000
347.833333 347.875000  661.4   83.9   5.6  115.9  12.3 0.000
347.875000 347.916667  661.0   82.2   5.7  146.7   6.2 0.000
347.916667 347.958333  660.4   81.9   5.7  107.0  11.3 0.000
347.958333 348.000000  660.0   81.3   6.0  106.0  13.4 0.000
348.000000 348.041667  660.0   89.6   5.9  102.6  13.1 0.000
348.041667 348.083333  660.0   89.8   5.4  100.8  14.6 0.000
348.083333 348.125000  660.2   85.0   5.5  112.1  12.8 0.000
348.125000 348.166667  660.6   80.0   5.1  124.8   8.6 0.000
348.166667 348.208333  661.1   82.5   6.5  105.5   9.0 0.000
348.208333 348.250000  661.4   69.7   8.8   90.5  10.1 0.000
348.250000 348.291667  661.9   64.5   9.9   54.8   8.6 0.000
348.291667 348.333333  661.9   71.1  10.2   15.0   6.1 0.000
348.333333 348.375000  661.6   92.7   8.8  300.4   6.3 0.000
348.375000 348.416667  661.0   95.0   8.5  290.3   4.5 0.000
348.416667 348.458333  660.3   89.1   8.3  103.9   4.5 0.000
348.458333 348.500000  659.7   90.0   8.9  344.8   0.9 0.000
348.500000 348.541667  659.5  100.0   7.8  259.3   5.5 0.000
348.541667 348.583333  659.5 9999.9   7.3  283.3   4.3 0.000
348.583333 348.625000  659.6 9999.9   6.7  340.2   3.2 0.000
348.625000 348.666667  660.0   89.0   5.8  128.0   6.0 0.000
348.666667 348.708333  660.6   87.2   5.8  112.6   2.2 0.000
348.708333 348.750000  661.3   83.1   5.3  123.1   7.0 0.000
348.750000 348.791667  661.7   93.2   5.2  150.5   4.5 0.000
348.791667 348.833333  661.6   92.5   4.2  115.5   4.3 0.000
348.833333 348.875000  661.4   92.7   4.5  114.3   6.0 0.000
348.875000 348.916667  661.1   96.8   5.0  143.3   3.6 0.000
348.916667 348.958333  660.4   87.7   5.2   89.3   6.3 0.000
348.958333 349.000000  659.9   79.2   4.9  102.6  10.7 0.000
349.000000 349.041667  659.9   72.6   4.8  106.3   9.0 0.000
349.041667 349.083333  660.3   76.0   5.5   79.8   6.4 0.000
349.083333 349.125000  660.8   89.7   4.3  103.4  12.3 0.000
349.125000 349.166667  661.1   88.6   5.0   94.8  11.5 0.000
349.166667 349.208333  661.6   93.2   5.8   76.9   9.0 0.000
349.208333 349.250000  662.0   88.4   6.7   65.2   8.2 0.000
349.250000 349.291667  662.1   86.4   7.2   58.3   9.7 0.000
349.291667 349.333333  662.2   77.5   9.0   29.6  10.1 0.000
349.333333 349.375000  661.9   72.0   9.9   18.5  12.5 0.000
349.375000 349.416667  661.4   68.0  10.8   18.6  10.2 0.000
349.416667 349.458333  660.9   76.1   9.9   27.3   8.1 0.000
349.458333 349.500000  660.2   94.0   8.6  339.3   3.6 0.000
349.500000 349.541667  659.7   87.7   9.0    8.3   7.3 0.000
349.541667 349.583333  659.6   98.0   8.0  279.8   5.1 0.000
349.583333 349.625000  659.7   97.5   7.7  224.6   4.9 0.000
349.625000 349.666667  660.1   99.6   6.6  256.4   1.4 0.000
349.666667 349.708333  660.8   97.8   6.0   73.3   2.4 0.000
349.708333 349.750000  661.4  100.0   5.7 9999.9 999.9 0.000
349.750000 349.791667  661.7   96.8   5.6  107.5   7.9 0.000
349.791667 349.833333  661.8   89.6   6.0  124.4   4.6 0.000
349.833333 349.875000  661.7   97.2   5.1  218.4   3.0 0.000
349.875000 349.916667  661.4   92.3   4.7  143.1   2.7 0.000
349.916667 349.958333  660.6   77.4   6.0  106.9  12.7 0.000
349.958333 350.000000  660.2   75.5   6.0  103.0  15.3 0.000
350.000000 350.041667  659.9   72.9   5.7  101.6  18.4 0.000
350.041667 350.083333  660.1   64.1   5.6  103.1  16.1 0.000
350.083333 350.125000  660.5   62.9   5.5   97.2  16.9 0.000
350.125000 350.166667  660.8   52.5   5.4   96.6  17.4 0.000
350.166667 350.208333  661.4   46.3   7.4   83.0  15.4 0.000
350.208333 350.250000  661.8   42.2   8.8   43.1  16.1 0.000
350.250000 350.291667  662.4   41.2   9.8   48.5  13.7 0.000
350.291667 350.333333  662.3   39.9  10.5   35.7  14.6 0.000
350.333333 350.375000  661.9   43.3  11.4   40.9  12.2 0.000
350.375000 350.416667  661.4   67.4  11.5  216.0   3.3 0.000
350.416667 350.458333  660.8   77.4   9.6  215.5  11.2 0.000
350.458333 350.500000  660.3   75.1  10.2  227.8   9.0 0.000
350.500000 350.541667  660.0   73.8  10.3  231.4   7.7 0.000
350.541667 350.583333  659.9   81.8   8.1  275.7   4.6 0.000
350.583333 350.625000  660.0   80.7   8.2  245.3   2.8 0.000
350.625000 350.666667  660.3   85.1   7.2  274.7   1.4 0.000
350.666667 350.708333  660.9   91.3   5.5   91.8   1.3 0.000
350.708333 350.750000  661.4   90.3   5.4   75.6   4.4 0.000
350.750000 350.791667  661.6   78.0   5.0  109.8   8.7 0.000
350.791667 350.833333  661.5   72.2   4.3  117.4   8.2 0.000
350.833333 350.875000  661.4   68.8   4.6  108.0  11.1 0.000
350.875000 350.916667  661.0   63.0   5.4  106.3  11.6 0.000
350.916667 350.958333  660.5   63.1   5.2  100.5  15.2 0.000
350.958333 351.000000  660.2   57.5   5.2  102.3  12.1 0.000
351.000000 351.041667  660.2   61.9   4.6   98.6  10.2 0.000
351.041667 351.083333  660.3   63.0   4.0   99.9  11.6 0.000
351.083333 351.125000  660.6   65.0   4.1  106.0  13.6 0.000
351.125000 351.166667  660.7   62.8   4.2  101.5  14.7 0.000
351.166667 351.208333  661.4   57.1   6.7  111.4  11.0 0.000
351.208333 351.250000  661.6   53.5   8.8   41.7   9.5 0.000
351.250000 351.291667  661.7   59.5  10.0  333.8   5.6 0.000
351.291667 351.333333  661.6   79.3   9.7  264.4   7.7 0.000
351.333333 351.375000  661.4   92.2   8.4  246.3   8.3 0.000
351.375000 351.416667  661.0   87.7   8.8  270.4   6.9 0.000
351.416667 351.458333  660.3   93.1   8.3  246.4   7.1 0.000
351.458333 351.500000  659.8   94.0   8.6  248.1   6.2 0.000
351.500000 351.541667  659.6   99.8   7.0  305.0   3.8 0.000
351.541667 351.583333  659.6   97.5   6.9  353.6   4.5 0.000
351.583333 351.625000  659.7   83.4   7.2   49.9   1.0 0.000
351.625000 351.666667  660.0   86.3   6.8  229.5   2.1 0.000
351.666667 351.708333  660.3   86.7   6.5 9999.9 999.9 0.000
351.708333 351.750000  661.2   88.3   6.5   44.4   1.1 0.000
351.750000 351.791667  661.6   91.4   6.4   29.1   1.0 0.000
351.791667 351.833333  661.6   88.7   6.4  129.8   3.0 0.000
351.833333 351.875000  661.4   92.0   6.0  196.7   2.8 0.000
351.875000 351.916667  661.1   90.0   6.0  208.2   3.4 0.000
351.916667 351.958333  660.4   90.2   5.6  182.6   1.7 0.000
351.958333 352.000000  659.7   96.3   4.4  117.7   1.5 0.000
352.000000 352.041667  659.4   88.4   4.3  119.0   3.8 0.000
352.041667 352.083333  659.5   84.8   4.7  193.4   4.8 0.000
352.083333 352.125000  659.6   74.3   5.3  181.1   3.7 0.000
352.125000 352.166667  660.0   79.0   5.3  102.9   1.5 0.000
352.166667 352.208333  660.5   72.0   7.3   79.8   3.1 0.000
352.208333 352.250000  661.0   69.0   9.0  324.2   3.6 0.000
352.250000 352.291667  661.4   75.3   8.8  295.5   4.4 0.000
352.291667 352.333333  661.4   68.0  10.0  337.5   6.8 0.000
352.333333 352.375000  661.3   72.9   8.6  359.6   7.2 0.000
352.375000 352.416667  661.0   71.1   8.7  358.3   6.5 0.000
352.416667 352.458333  660.7   87.4   7.1  211.8   2.6 0.000
352.458333 352.500000  660.2   90.0   6.2  170.6   4.1 0.000
352.500000 352.541667  659.6   82.8   7.4  112.7   3.2 0.000
352.541667 352.583333  659.2   77.2   9.0  297.8   3.0 0.000
352.583333 352.625000  659.2   82.6   8.9  248.6   5.8 0.000
352.625000 352.666667  659.5   88.7   7.3  225.4   6.9 0.000
352.666667 352.708333  660.0   84.1   6.0  195.9   5.8 0.000
352.708333 352.750000  660.7   86.0   5.9  192.7   4.1 0.000
352.750000 352.791667  661.0   85.4   5.9  191.5   2.1 0.000
352.791667 352.833333  660.7   89.3   5.4  164.3   3.3 0.000
352.833333 352.875000  660.6  100.0   4.7  163.4   3.5 0.000
352.875000 352.916667  660.1   93.2   5.3  130.8   2.0 0.000
352.916667 352.958333  659.9   92.8   4.6 9999.9 999.9 0.000
352.958333 353.000000  659.5   91.8   4.7  176.5   3.1 0.000
353.000000 353.041667  659.4   91.0   4.8  168.5   5.6 0.000
353.041667 353.083333  659.4   81.0   5.0  203.7   4.2 0.000
353.083333 353.125000  659.7   87.2   4.3  188.6   4.8 0.000
353.125000 353.166667  659.9   76.3   4.9  181.6   5.3 0.000
353.166667 353.208333  660.3   67.4   7.7  302.8   0.9 0.000
353.208333 353.250000  660.6   69.0   9.2  307.2   1.6 0.000
353.250000 353.291667  660.9   77.2   9.2  317.2   4.2 0.000
353.291667 353.333333  660.9   79.6   9.6  289.7   5.7 0.000
353.333333 353.375000  660.6   92.3   8.1  263.2   7.1 0.000
353.375000 353.416667  660.4   97.5   6.1  251.6   0.6 0.000
353.416667 353.458333  659.8   88.9   7.5   88.5   2.6 0.000
353.458333 353.500000  659.1   88.1   9.2  232.8   5.5 0.000
353.500000 353.541667  658.5   95.7   8.8  277.9   3.3 0.000
353.541667 353.583333  658.3   98.4   7.7  255.5   3.6 0.000
353.583333 353.625000  658.6   99.9   7.4  303.2   0.8 0.000
353.625000 353.666667  659.1  100.0   7.1    0.5   2.2 0.000
353.666667 353.708333  659.7   96.6   6.8 9999.9 999.9 0.000
353.708333 353.750000  660.3   98.2   6.9 9999.9 999.9 0.000
353.750000 353.791667  660.6  100.0   6.6   35.4   2.2 0.000
353.791667 353.833333  660.4   94.1   5.9   60.1   3.1 0.000
353.833333 353.875000  660.1   87.0   5.2   79.3   3.9 0.000
353.875000 353.916667  659.7   77.6   5.3  117.5   2.3 0.000
353.916667 353.958333  659.3   87.6   5.1  164.8   3.8 0.000
353.958333 354.000000  658.8   84.2   5.4  181.7   3.2 0.000
354.000000 354.041667  658.6   70.2   5.5  189.2   3.6 0.000
354.041667 354.083333  658.6   62.9   5.5  182.6   3.6 0.000
354.083333 354.125000  658.8   58.4   5.3  176.2   4.1 0.000
354.125000 354.166667  659.2   57.9   5.7  162.9   1.5 0.000
354.166667 354.208333  659.8   73.8   7.0  159.7   3.3 0.000
354.208333 354.250000  660.2   72.7   8.3  263.4   3.8 0.000
354.250000 354.291667  660.2   81.9   8.6  276.1   5.5 0.000
354.291667 354.333333  660.3   93.0   7.1  313.4   3.9 0.000
354.333333 354.375000  660.0   94.8   7.4  332.8   4.5 0.000
354.375000 354.416667  659.6   96.8   7.8  324.9   5.8 0.000
354.416667 354.458333  659.0   96.7   8.0  279.6   4.7 0.000
354.458333 354.500000  658.5   94.6   8.4  295.6   5.8 0.000
354.500000 354.541667  658.0   94.3   8.5  285.3   4.2 0.000
354.541667 354.583333  658.1   98.5   8.0  330.1   3.5 0.000
354.583333 354.625000  658.4   99.9   7.4   10.3   4.1 0.000
354.625000 354.666667  658.9   96.5   7.3   76.2   3.6 0.000
354.666667 354.708333  659.5   97.3   7.0   54.2   2.8 0.000
354.708333 354.750000  659.8   91.8   6.7  106.4   7.0 0.000
354.750000 354.791667  660.1   89.3   6.2  113.1   6.7 0.000
354.791667 354.833333  660.1   90.8   6.0  233.6   1.1 0.000
354.833333 354.875000  660.0   91.1   5.2  191.3   2.1 0.000
354.875000 354.916667  659.6   93.3   5.1   98.8   2.8 0.000
354.916667 354.958333  659.1   91.5   5.8   73.8   1.7 0.000
354.958333 355.000000  658.8   99.3   5.1   91.2   1.7 0.000
355.000000 355.041667  658.8   96.6   5.1   62.0   0.6 0.000
355.041667 355.083333  659.0   95.9   5.4   80.8   3.8 0.000
355.083333 355.125000  659.2   99.7   4.9   44.1   5.2 0.000
355.125000 355.166667  659.6   92.4   5.0   93.1   5.9 0.000
355.166667 355.208333  660.2   85.7   6.9   91.1   1.1 0.000
355.208333 355.250000  660.5   92.1   7.2  305.3   1.7 0.000
355.250000 355.291667  660.7   95.2   7.7  340.6   5.7 0.000
355.291667 355.333333  660.6  100.0   6.7   16.2  10.8 0.000
355.333333 355.375000  660.4  100.0   6.6  350.3   9.7 0.000
355.375000 355.416667  660.1 9999.9   6.6  279.1   4.6 0.000
355.416667 355.458333  659.5  100.0   7.1  243.4   3.8 0.000
355.458333 355.500000  659.0   99.5   7.7  278.0   4.4 0.000
355.500000 355.541667  658.8   94.3   8.1  308.4   3.2 0.000
355.541667 355.583333  658.8   92.2   8.0   17.0   3.4 0.000
355.583333 355.625000  658.8   89.3   8.1  112.2   3.4 0.000
355.625000 355.666667  659.1   97.0   6.9  210.2   3.3 0.000
355.666667 355.708333  659.7   93.6   6.1 9999.9 999.9 0.000
355.708333 355.750000  660.4   90.8   6.0 9999.9 999.9 0.000
355.750000 355.791667  660.6   92.9   5.6   82.7   4.7 0.000
355.791667 355.833333  660.5   91.0   5.4   71.0   5.3 0.000
355.833333 355.875000  660.4   93.2   5.1   81.0   2.9 0.000
355.875000 355.916667  660.0   96.0   4.9  107.1   7.4 0.000
355.916667 355.958333  659.6   96.2   4.4  112.6   6.9 0.000
355.958333 356.000000  659.2   93.4   4.7  107.4   7.2 0.000
356.000000 356.041667  659.0   90.3   4.2  112.1   6.8 0.000
356.041667 356.083333  659.2   88.1   4.3   79.6   6.8 0.000
356.083333 356.125000  659.5   85.3   4.1  120.2   8.9 0.000
356.125000 356.166667  659.8   78.5   4.3  105.8   9.1 0.000
356.166667 356.208333  660.3   72.2   5.9   92.4   7.3 0.000
356.208333 356.250000  660.8   57.9   7.7   42.9   7.5 0.000
356.250000 356.291667  660.9   59.5   9.1   13.4   8.1 0.000
356.291667 356.333333  660.9   81.7   8.2  308.2   5.0 0.000
356.333333 356.375000  660.6   97.6   6.9  251.8   7.3 0.000
356.375000 356.416667  660.3  100.0   6.4  246.0   7.6 0.000
356.416667 356.458333  659.9   94.7   7.6  280.3   4.5 0.000
356.458333 356.500000 9999.9 9999.9 999.9 9999.9 999.9 0.999
356.500000 356.541667 9999.9 9999.9 999.9 9999.9 999.9 0.999
356.541667 356.583333 9999.9 9999.9 999.9 9999.9 999.9 0.999
356.583333 356.625000  659.4   96.4   6.7  200.7   4.3 0.000
356.625000 356.666667  659.7   96.5   6.7  204.7   2.2 0.000
356.666667 356.708333  660.0   96.9   6.5  102.5   7.1 0.000
356.708333 356.750000  660.8   98.7   6.1  281.7   2.0 0.000
356.750000 356.791667  661.1   99.0   6.1  158.3   3.4 0.000
356.791667 356.833333  661.2   94.3   5.7  134.0   2.3 0.000
356.833333 356.875000  661.2   97.2   5.6 9999.9 999.9 0.000
356.875000 356.916667  660.7   95.1   5.2 9999.9 999.9 0.000
356.916667 356.958333  660.4   91.1   5.5 9999.9 999.9 0.000
356.958333 357.000000  660.0   86.6   4.7  123.6   4.6 0.000
357.000000 357.041667  659.8   82.6   5.0  206.6   2.9 0.000
357.041667 357.083333  660.1   85.0   4.8  200.0   3.7 0.000
357.083333 357.125000  660.4   90.9   4.0   94.9   4.1 0.000
357.125000 357.166667  660.9   90.3   4.3  158.1   1.9 0.000
357.166667 357.208333  661.3   84.7   6.0 9999.9 999.9 0.000
357.208333 357.250000  661.7   84.4   7.5  258.5   2.5 0.000
357.250000 357.291667  661.9   91.0   7.1  274.2   4.9 0.000
357.291667 357.333333  661.8   98.3   6.3  317.5   4.2 0.000
357.333333 357.375000  661.5   93.8   7.5  307.0   3.0 0.000
357.375000 357.416667  660.9   95.3   7.8  322.7   4.7 0.000
357.416667 357.458333  660.3   97.9   7.6  345.3   6.4 0.000
357.458333 357.500000  659.9   99.4   7.5  286.9   4.3 0.000
357.500000 357.541667  659.6   97.9   7.9  247.2   6.3 0.000
357.541667 357.583333  659.6  100.0   6.8  316.7   4.8 0.000
357.583333 357.625000  659.9 9999.9   6.4   10.1   0.8 0.000
357.625000 357.666667  660.2 9999.9   6.3  177.1   0.4 0.000
357.666667 357.708333  660.6 9999.9   6.0  227.5   2.2 0.000
357.708333 357.750000  661.0 9999.9   5.8  217.6   3.4 0.000
357.750000 357.791667  661.1 9999.9   5.6  102.5   2.7 0.000
357.791667 357.833333  661.1 9999.9   5.5   96.2   2.3 0.000
357.833333 357.875000  660.9   97.9   5.5  106.1   1.3 0.000
357.875000 357.916667  660.6   87.6   5.0  164.6   4.1 0.000
357.916667 357.958333  660.4   94.8   4.5  135.2   2.9 0.000
357.958333 358.000000  660.0   98.8   4.2   83.9   5.9 0.000
358.000000 358.041667  660.0   94.3   4.7  101.0   5.3 0.000
358.041667 358.083333  660.1   93.6   4.5  102.1   2.7 0.000
358.083333 358.125000  660.5   95.8   5.0   94.3   3.0 0.000
358.125000 358.166667  660.8   96.0   4.8   65.4   5.5 0.000
358.166667 358.208333  661.3   95.0   5.5   76.7   3.9 0.000
358.208333 358.250000  661.7   92.3   7.0  334.0   4.6 0.000
358.250000 358.291667  661.9   99.9   5.8  346.4   5.3 0.000
358.291667 358.333333  661.7   97.5   6.6  339.6   4.9 0.000
358.333333 358.375000  661.4   99.8   6.2  323.8   6.3 0.000
358.375000 358.416667  660.9  100.0   5.9  324.8   5.8 0.000
358.416667 358.458333  660.4 9999.9   6.2  319.5   2.0 0.000
358.458333 358.500000  660.0  100.0   6.6  270.7   2.8 0.000
358.500000 358.541667  659.9 9999.9   6.4  264.2   5.9 0.000
358.541667 358.583333  660.0 9999.9   6.3  240.7   5.4 0.000
