data/ebas/met/KE0001G.20020531230000.20100322000000.aws..met.7mo.1h.KE01L_MKN_aws...nas
60 1001
Klausen, Joerg; Aseyo, John; Thiong'o, Kennedy
KE01L, Kenya Meteorological Department, , , "Dagoretti Corner, Nairobi, Kenya", , , , 
Aseyo, Mr John; Klausen, Joerg
GAW-WDCRG sel_HTAP
1 1
2002 01 01 2010 03 22
0.041667
days from file reference point
7
1 1 1 1 1 1 1
999.999999 9999.9 9999.9 999.9 9999.9 999.9 9.999
end_time of measurement, days from the file reference point
pressure, hPa, Method ref=KE01L_barometer_pressure_sensor
relative_humidity, %, Method ref=KE01L_hygrometer
temperature, deg C, Method ref=KE01L_thermometer_element
wind_direction, deg, Method ref=KE01L_wind_vane
wind_speed, m/s, Method ref=KE01L_anemometer
numflag, no unit
0
39
Data definition:              EBAS_1.1
Set type code:                TU
Timezone:                     UTC
File name:                    KE0001G.20020531230000.20100322000000.aws..met.7mo.1h.KE01L_MKN_aws...nas
File creation:                20220608070148181000
Export state:                 20220608065414856000
Export filter:                exclude-900,exclude-invalid
Startdate:                    20020531230000
Revision date:                20100322000000
Statistics:                   arithmetic mean
Data level:                   
Period code:                  7mo
Resolution code:              1h
Station code:                 KE0001G
Platform code:                KE0001S
Station name:                 Mt. Kenya
Station WDCA-ID:              GAWAKE__MKN
Station GAW-ID:               MKN
Station GAW-Name:             Mt. Kenya
Station land use:             Grassland
Station setting:              Mountain
Station GAW type:             G
Station WMO region:           1
Station latitude:             -0.0622
Station longitude:            37.2972
Station altitude:             3678.0 m
Regime:                       IMG
Component:                    
Matrix:                       met
Laboratory code:              KE01L
Instrument type:              aws
Instrument name:              MKN_aws
Method ref:                   
Originator:                   Klausen, Joerg, , , , , , , , , 
Originator:                   Aseyo, John, , , , , , , , , 
Originator:                   Thiong'o, Kennedy, , , , , , , , , 
Submitter:                    Aseyo, Mr John, , , , , , , , , 
Submitter:                    Klausen, Joerg, , , , , , , , , 
starttime endtime P rH T wind_d wind_s flag
[from data line 1574]
216.541667 216.583333 9999.9 9999.9 999.9 9999.9 999.9 0.999
216.583333 216.625000 9999.9 9999.9 999.9 9999.9 999.9 0.999
216.625000 216.666667 9999.9 9999.9 999.9 9999.9 999.9 0.999
216.666667 216.708333 9999.9 9999.9 999.9 9999.9 999.9 0.999
216.708333 216.750000 9999.9 9999.9 999.9 9999.9 999.9 0.999
216.750000 216.791667 9999.9 9999.9 999.9 9999.9 999.9 0.999
216.791667 216.833333 9999.9 9999.9 999.9 9999.9 999.9 0.999
216.833333 216.875000 9999.9 9999.9 999.9 9999.9 999.9 0.999
216.875000 216.916667 9999.9 9999.9 999.9 9999.9 999.9 0.999
216.916667 216.958333 9999.9 9999.9 999.9 9999.9 999.9 0.999
216.958333 217.000000 9999.9 9999.9 999.9 9999.9 999.9 0.999
217.000000 217.041667 9999.9 9999.9 999.9 9999.9 999.9 0.999
217.041667 217.083333 9999.9 9999.9 999.9 9999.9 999.9 0.999
217.083333 217.125000 9999.9 9999.9 999.9 9999.9 999.9 0.999
217.125000 217.166667 9999.9 9999.9 999.9 9999.9 999.9 0.999
217.166667 217.208333 9999.9 9999.9 999.9 9999.9 999.9 0.999
217.208333 217.250000 9999.9 9999.9 999.9 9999.9 999.9 0.999
217.250000 217.291667 9999.9 9999.9 999.9 9999.9 999.9 0.999
217.291667 217.333333 9999.9 9999.9 999.9 9999.9 999.9 0.999
217.333333 217.375000 9999.9 9999.9 999.9 9999.9 999.9 0.999
217.375000 217.416667 9999.9 9999.9 999.9 9999.9 999.9 0.999
217.416667 217.458333 9999.9 9999.9 999.9 9999.9 999.9 0.999
217.458333 217.500000 9999.9 9999.9 999.9 9999.9 999.9 0.999
217.500000 217.541667 9999.9 9999.9 999.9 9999.9 999.9 0.999
217.541667 217.583333 9999.9 9999.9 999.9 9999.9 999.9 0.999
217.583333 217.625000 9999.9 9999.9 999.9 9999.9 999.9 0.999
217.625000 217.666667 9999.9 9999.9 999.9 9999.9 999.9 0.999
217.666667 217.708333 9999.9 9999.9 999.9 9999.9 999.9 0.999
217.708333 217.750000 9999.9 9999.9 999.9 9999.9 999.9 0.999
217.750000 217.791667 9999.9 9999.9 999.9 9999.9 999.9 0.999
217.791667 217.833333 9999.9 9999.9 999.9 9999.9 999.9 0.999
217.833333 217.875000 9999.9 9999.9 999.9 9999.9 999.9 0.999
217.875000 217.916667 9999.9 9999.9 999.9 9999.9 999.9 0.999
217.916667 217.958333 9999.9 9999.9 999.9 9999.9 999.9 0.999
217.958333 218.000000 9999.9 9999.9 999.9 9999.9 999.9 0.999
218.000000 218.041667 9999.9 9999.9 999.9 9999.9 999.9 0.999
218.041667 218.083333 9999.9 9999.9 999.9 9999.9 999.9 0.999
218.083333 218.125000 9999.9 9999.9 999.9 9999.9 999.9 0.999
218.125000 218.166667 9999.9 9999.9 999.9 9999.9 999.9 0.999
218.166667 218.208333 9999.9 9999.9 999.9 9999.9 999.9 0.999
218.208333 218.250000 9999.9 9999.9 999.9 9999.9 999.9 0.999
218.250000 218.291667 9999.9 9999.9 999.9 9999.9 999.9 0.999
218.291667 218.333333 9999.9 9999.9 999.9 9999.9 999.9 0.999
218.333333 218.375000  662.0   95.8   6.0  276.5   7.4 0.000
218.375000 218.416667  661.7   98.3   5.5  234.1   6.2 0.000
218.416667 218.458333 9999.9 9999.9 999.9 9999.9 999.9 0.999
218.458333 218.500000 9999.9 9999.9 999.9 9999.9 999.9 0.999
218.500000 218.541667 9999.9 9999.9 999.9 9999.9 999.9 0.999
218.541667 218.583333 9999.9 9999.9 999.9 9999.9 999.9 0.999
218.583333 218.625000 9999.9 9999.9 999.9 9999.9 999.9 0.999
218.625000 218.666667 9999.9 9999.9 999.9 9999.9 999.9 0.999
218.666667 218.708333 9999.9 9999.9 999.9 9999.9 999.9 0.999
218.708333 218.750000 9999.9 9999.9 999.9 9999.9 999.9 0.999
218.750000 218.791667 9999.9 9999.9 999.9 9999.9 999.9 0.999
218.791667 218.833333 9999.9 9999.9 999.9 9999.9 999.9 0.999
218.833333 218.875000 9999.9 9999.9 999.9 9999.9 999.9 0.999
218.875000 218.916667 9999.9 9999.9 999.9 9999.9 999.9 0.999
218.916667 218.958333 9999.9 9999.9 999.9 9999.9 999.9 0.999
218.958333 219.000000 9999.9 9999.9 999.9 9999.9 999.9 0.999
219.000000 219.041667 9999.9 9999.9 999.9 9999.9 999.9 0.999
219.041667 219.083333 9999.9 9999.9 999.9 9999.9 999.9 0.999
219.083333 219.125000 9999.9 9999.9 999.9 9999.9 999.9 0.999
219.125000 219.166667 9999.9 9999.9 999.9 9999.9 999.9 0.999
219.166667 219.208333 9999.9 9999.9 999.9 9999.9 999.9 0.999
219.208333 219.250000 9999.9 9999.9 999.9 9999.9 999.9 0.999
219.250000 219.291667 9999.9 9999.9 999.9 9999.9 999.9 0.999
219.291667 219.333333 9999.9 9999.9 999.9 9999.9 999.9 0.999
219.333333 219.375000 9999.9 9999.9 999.9 9999.9 999.9 0.999
219.375000 219.416667 9999.9 9999.9 999.9 9999.9 999.9 0.999
219.416667 219.458333 9999.9 9999.9 999.9 9999.9 999.9 0.999
219.458333 219.500000 9999.9 9999.9 999.9 9999.9 999.9 0.999
219.500000 219.541667 9999.9 9999.9 999.9 9999.9 999.9 0.999
219.541667 219.583333 9999.9 9999.9 999.9 9999.9 999.9 0.999
219.583333 219.625000 9999.9 9999.9 999.9 9999.9 999.9 0.999
219.625000 219.666667 9999.9 9999.9 999.9 9999.9 999.9 0.999
219.666667 219.708333 9999.9 9999.9 999.9 9999.9 999.9 0.999
219.708333 219.750000 9999.9 9999.9 999.9 9999.9 999.9 0.999
219.750000 219.791667 9999.9 9999.9 999.9 9999.9 999.9 0.999
219.791667 219.833333 9999.9 9999.9 999.9 9999.9 999.9 0.999
219.833333 219.875000 9999.9 9999.9 999.9 9999.9 999.9 0.999
219.875000 219.916667 9999.9 9999.9 999.9 9999.9 999.9 0.999
219.916667 219.958333 9999.9 9999.9 999.9 9999.9 999.9 0.999
219.958333 220.000000 9999.9 9999.9 999.9 9999.9 999.9 0.999
220.000000 220.041667 9999.9 9999.9 999.9 9999.9 999.9 0.999
220.041667 220.083333 9999.9 9999.9 999.9 9999.9 999.9 0.999
220.083333 220.125000 9999.9 9999.9 999.9 9999.9 999.9 0.999
220.125000 220.166667 9999.9 9999.9 999.9 9999.9 999.9 0.999
220.166667 220.208333 9999.9 9999.9 999.9 9999.9 999.9 0.999
220.208333 220.250000 9999.9 9999.9 999.9 9999.9 999.9 0.999
220.250000 220.291667 9999.9 9999.9 999.9 9999.9 999.9 0.999
220.291667 220.333333 9999.9 9999.9 999.9 9999.9 999.9 0.999
220.333333 220.375000 9999.9 9999.9 999.9 9999.9 999.9 0.999
220.375000 220.416667  661.0   98.3   6.1  310.6   5.9 0.000
220.416667 220.458333  660.8   97.5   6.1  248.7   6.6 0.000
220.458333 220.500000  660.4  100.0   5.7  286.0   7.5 0.000
220.500000 220.541667  660.2   95.7   6.8  301.2   7.6 0.000
220.541667 220.583333  659.9   97.4   6.5  309.5   5.5 0.000
220.583333 220.625000  659.8   99.1   6.0  265.0   2.3 0.000
220.625000 220.666667  659.9   99.5   5.8  245.6   4.3 0.000
220.666667 220.708333  660.1  100.0   5.5  255.3   4.5 0.000
220.708333 220.750000  660.4 9999.9   5.2  234.3   5.7 0.000
220.750000 220.791667  660.7 9999.9   5.0  230.5   6.8 0.000
220.791667 220.833333  660.8   98.4   4.5  205.2   8.9 0.000
220.833333 220.875000  660.6   97.2   4.2  213.3   8.5 0.000
220.875000 220.916667  660.3   97.6   4.6  221.6   8.9 0.000
220.916667 220.958333  660.0   98.2   4.6  217.1   6.6 0.000
220.958333 221.000000  659.8   92.9   4.3  199.8   4.7 0.000
221.000000 221.041667  659.6   89.0   3.9  184.4   8.3 0.000
221.041667 221.083333  659.5   84.1   4.0  183.5   6.8 0.000
221.083333 221.125000  659.7   83.0   4.1  197.3   4.6 0.000
221.125000 221.166667  659.9   95.3   3.7  166.0   3.8 0.000
221.166667 221.208333  660.2   87.3   5.1  254.5   1.7 0.000
221.208333 221.250000  660.8   82.8   7.4  259.2   1.6 0.000
221.250000 221.291667  661.2   81.0   8.0  297.5   5.0 0.000
221.291667 221.333333  661.3   81.2   8.4  305.6   5.5 0.000
221.333333 221.375000  661.3   87.2   7.7  317.6   7.6 0.000
221.375000 221.416667  661.1   89.6   7.6  318.8   6.7 0.000
221.416667 221.458333  660.8   98.7   6.2  299.4   6.8 0.000
221.458333 221.500000  660.4  100.0   6.2  306.9   4.4 0.000
221.500000 221.541667  660.2   98.7   5.1   83.1   3.0 0.000
221.541667 221.583333  660.1   94.0   5.5  148.0   3.2 0.000
221.583333 221.625000  660.1   93.3   6.2  313.0   2.7 0.000
221.625000 221.666667  660.3   97.2   5.0  145.3   2.2 0.000
221.666667 221.708333  660.2   92.6   4.9  116.4   1.0 0.000
221.708333 221.750000  660.6  100.0   4.4  134.1   0.2 0.000
221.750000 221.791667  660.8   88.5   4.2  155.6   6.4 0.000
221.791667 221.833333  661.0   96.9   3.5  164.7   3.5 0.000
221.833333 221.875000  660.8   56.3   5.7  102.0   5.2 0.000
221.875000 221.916667  660.5   50.5   5.9   88.3  11.0 0.000
221.916667 221.958333  660.0   50.5   5.9  102.0  17.3 0.000
221.958333 222.000000  659.8   50.6   5.7  108.6  16.2 0.000
222.000000 222.041667  659.8   53.3   4.9  104.5  11.2 0.000
222.041667 222.083333  659.9   56.3   4.5   89.0   9.4 0.000
222.083333 222.125000  660.2   58.5   4.2   90.5   8.9 0.000
222.125000 222.166667  660.4   56.4   4.4   75.0   8.7 0.000
222.166667 222.208333  660.8   68.1   5.6   57.6   9.6 0.000
222.208333 222.250000  661.2   70.9   7.7   20.9  11.1 0.000
222.250000 222.291667  661.3   79.4   9.0  350.0  10.1 0.000
222.291667 222.333333  661.4   85.1   9.1  353.0  13.1 0.000
222.333333 222.375000  661.5   87.8   8.6  355.4  12.9 0.000
222.375000 222.416667  661.3   88.5   8.8  354.7  15.3 0.000
222.416667 222.458333  661.0   92.0   8.1  349.5  14.9 0.000
222.458333 222.500000  660.7   88.3   8.5    1.4  15.4 0.000
222.500000 222.541667  660.6   92.1   7.8  356.5  12.1 0.000
222.541667 222.583333  660.4   92.1   7.5    3.5  10.4 0.000
222.583333 222.625000  660.5   97.6   6.2   11.4   7.6 0.000
222.625000 222.666667  660.4   98.9   5.2   34.2   4.1 0.000
222.666667 222.708333  660.5  100.0   4.3  355.7   1.8 0.000
222.708333 222.750000  660.5   60.9   6.0  105.7  13.7 0.000
222.750000 222.791667  661.0   54.1   6.4  102.3  11.4 0.000
222.791667 222.833333  661.1   51.5   6.5  101.6  13.6 0.000
222.833333 222.875000  661.0   45.7   6.8  104.7  13.8 0.000
222.875000 222.916667  660.6   57.6   5.5  110.1   8.9 0.000
222.916667 222.958333  660.1   41.7   6.4  105.8  19.5 0.000
222.958333 223.000000  659.6   49.1   6.3  110.0  23.7 0.000
223.000000 223.041667  659.6   54.2   6.1  113.2  24.6 0.000
223.041667 223.083333  659.8   55.1   5.8  113.0  25.4 0.000
223.083333 223.125000  660.1   56.7   5.7  113.2  25.6 0.000
223.125000 223.166667  660.5   55.7   5.6  110.9  23.9 0.000
223.166667 223.208333  661.0   48.9   7.0  111.8  21.7 0.000
223.208333 223.250000  661.5   44.0   8.7  107.5  19.5 0.000
223.250000 223.291667  662.1   48.5   9.9   90.3  10.6 0.000
223.291667 223.333333  662.5   80.3   8.5  340.2   5.9 0.000
223.333333 223.375000  662.4   90.4   8.1  345.2   8.8 0.000
223.375000 223.416667  662.4   90.3   7.5  344.5   5.2 0.000
223.416667 223.458333  661.9   91.1   7.5  338.8   8.4 0.000
223.458333 223.500000  661.5  100.0   5.3  287.5   6.9 0.000
223.500000 223.541667  661.3  100.0   4.5  219.6   1.3 0.000
223.541667 223.583333  661.0  100.0   5.1   15.0   5.8 0.000
223.583333 223.625000  661.0  100.0   5.3   14.2   4.9 0.000
223.625000 223.666667  661.0  100.0   4.6   44.3   4.8 0.000
223.666667 223.708333  660.9   83.8   4.3   96.3   3.1 0.000
223.708333 223.750000  661.1   76.8   4.7   14.4   1.2 0.000
223.750000 223.791667  661.5   64.2   4.1 9999.9 999.9 0.000
223.791667 223.833333  661.7   63.7   4.2  158.3   0.7 0.000
223.833333 223.875000  661.6   48.5   4.6 9999.9 999.9 0.000
223.875000 223.916667  661.3   45.6   4.7 9999.9 999.9 0.000
223.916667 223.958333  661.1   42.3   4.8 9999.9 999.9 0.000
223.958333 224.000000  660.6   42.2   4.2  179.0   5.4 0.000
224.000000 224.041667  660.5   40.8   4.4  178.8   4.0 0.000
224.041667 224.083333  660.5   42.3   4.3   54.0   0.3 0.000
224.083333 224.125000  660.6   35.1   5.0  308.7   1.2 0.000
224.125000 224.166667  661.0   35.7   5.0   88.7   0.9 0.000
224.166667 224.208333  661.7   36.2   6.5   91.4   0.5 0.000
224.208333 224.250000  662.4   43.4   7.9    6.1   3.5 0.000
224.250000 224.291667  662.8   39.6   9.5  327.9   4.0 0.000
224.291667 224.333333  663.2   47.4   9.5  300.5   6.1 0.000
224.333333 224.375000  663.1   58.9   9.7  293.8   6.9 0.000
224.375000 224.416667  662.9   64.3  10.3  306.5   6.4 0.000
224.416667 224.458333  662.6   77.7   9.2  324.4   7.1 0.000
224.458333 224.500000  662.4   91.3   7.4  296.0   8.5 0.000
224.500000 224.541667  662.1   89.8   8.1  312.0   9.1 0.000
224.541667 224.583333  662.0   91.5   7.6  342.3   8.0 0.000
224.583333 224.625000  662.0   90.9   7.3  333.0   7.6 0.000
224.625000 224.666667  662.1   95.2   6.0    3.9   3.9 0.000
224.666667 224.708333  662.0   66.3   4.5  145.1   5.3 0.000
224.708333 224.750000  662.2   75.2   4.7  167.7   6.4 0.000
224.750000 224.791667  662.4   85.4   4.7  173.1   3.8 0.000
224.791667 224.833333  662.3   70.7   4.2  114.1   7.6 0.000
224.833333 224.875000  662.1   65.7   4.4  148.5   6.1 0.000
224.875000 224.916667  661.6   56.6   4.7  150.0   4.4 0.000
224.916667 224.958333  661.0   40.1   5.2  137.4   4.4 0.000
224.958333 225.000000  660.6   51.3   4.7  170.3   3.5 0.000
225.000000 225.041667  660.6   54.4   4.3  129.8   7.9 0.000
225.041667 225.083333  660.7   48.6   5.0  108.2  11.6 0.000
225.083333 225.125000  661.0   54.8   4.3  119.4  13.7 0.000
225.125000 225.166667  661.3   46.2   4.7  115.6  12.3 0.000
225.166667 225.208333  661.7   38.5   6.9  111.4  10.1 0.000
225.208333 225.250000  662.3   38.1   8.6   97.1   9.2 0.000
225.250000 225.291667  662.6   59.3   9.1  278.9   4.0 0.000
225.291667 225.333333  662.7   73.4   8.7  283.8   6.5 0.000
225.333333 225.375000  662.6   83.2   7.3  288.2   6.4 0.000
225.375000 225.416667  662.4   85.6   7.3  307.0   6.3 0.000
225.416667 225.458333  662.2   88.0   6.9  308.1   5.2 0.000
225.458333 225.500000  661.8   84.7   7.7  309.1   6.4 0.000
225.500000 225.541667  661.4   90.2   7.6  326.1   8.9 0.000
225.541667 225.583333  661.3   88.8   8.1  319.6   8.2 0.000
225.583333 225.625000  661.5   98.4   6.4  331.1   8.1 0.000
225.625000 225.666667  661.7  100.0   5.3  305.2   1.7 0.000
225.666667 225.708333  661.8  100.0   4.8   41.0   1.7 0.000
225.708333 225.750000  661.9   89.5   4.8  171.6   3.4 0.000
225.750000 225.791667  662.3   87.0   4.2  187.3   5.3 0.000
225.791667 225.833333  662.2   81.8   4.1  191.1   8.1 0.000
225.833333 225.875000  662.0   84.4   4.1  188.9   9.8 0.000
225.875000 225.916667  661.6   79.2   3.9  185.5   8.9 0.000
225.916667 225.958333  661.2   67.9   4.6  189.6   6.1 0.000
225.958333 226.000000  660.8   74.4   4.3  207.8   6.0 0.000
226.000000 226.041667  660.6   74.4   4.2  200.4   6.0 0.000
226.041667 226.083333  660.9   80.4   3.9  182.6   5.9 0.000
226.083333 226.125000  661.2   80.8   3.7  175.2   4.3 0.000
226.125000 226.166667  661.6   80.4   3.7  181.0   3.6 0.000
226.166667 226.208333  662.1   85.0   4.6  173.3   3.1 0.000
226.208333 226.250000  662.7   78.3   7.4  268.6   2.8 0.000
226.250000 226.291667  662.9   80.0   7.9  277.4   4.9 0.000
226.291667 226.333333  662.9   85.7   7.8  281.6   6.4 0.000
226.333333 226.375000  662.6   91.5   7.6  292.6   6.1 0.000
226.375000 226.416667  662.2   99.7   5.8  266.3   5.8 0.000
226.416667 226.458333  661.7   97.5   6.4  307.8   3.2 0.000
226.458333 226.500000  661.2   82.6   9.1  311.7   6.6 0.000
226.500000 226.541667  661.1   91.3   7.1  303.4   4.6 0.000
226.541667 226.583333  661.1   90.5   7.1  312.6   4.9 0.000
226.583333 226.625000  661.3   89.9   7.4  265.4   3.4 0.000
226.625000 226.666667  661.1   81.3   6.7 9999.9 999.9 0.000
226.666667 226.708333  661.1   68.3   6.0  149.7   3.1 0.000
226.708333 226.750000  661.4   58.0   6.1  172.1   4.9 0.000
226.750000 226.791667  661.9   59.1   6.0  184.0   5.3 0.000
226.791667 226.833333  662.0   53.2   6.3  181.1   2.9 0.000
226.833333 226.875000  661.5   47.8   6.5   96.9   6.1 0.000
226.875000 226.916667  661.0   48.1   5.9   92.1   6.7 0.000
226.916667 226.958333  660.7   49.7   5.7   91.3   4.7 0.000
226.958333 227.000000  660.4   50.1   5.8   94.4   7.1 0.000
227.000000 227.041667  660.4   48.9   5.9   92.8   8.9 0.000
227.041667 227.083333  660.6   51.0   5.7   89.1   7.5 0.000
227.083333 227.125000  660.9   58.1   4.8   99.6   5.6 0.000
227.125000 227.166667  661.0   56.7   5.0   98.2   4.6 0.000
227.166667 227.208333  661.6   50.5   7.9   46.3   2.3 0.000
227.208333 227.250000  662.1   60.0   9.4  312.6   4.4 0.000
227.250000 227.291667  662.5   74.0   8.6  278.0   6.2 0.000
227.291667 227.333333  662.6   88.0   7.4  278.3   6.7 0.000
227.333333 227.375000  662.3   91.5   7.3  299.3   5.9 0.000
227.375000 227.416667  661.8   85.5   8.7  310.0   7.8 0.000
227.416667 227.458333  661.5   87.2   8.5  315.2   9.4 0.000
