data/ebas/met/KE0001G.20020531230000.20100322000000.aws..met.7mo.1h.KE01L_MKN_aws...nas
60 1001
Klausen, Joerg; Aseyo, John; Thiong'o, Kennedy
KE01L, Kenya Meteorological Department, , , "Dagoretti Corner, Nairobi, Kenya", , , , 
Aseyo, Mr John; Klausen, Joerg
GAW-WDCRG sel_HTAP
1 1
2002 01 01 2010 03 22
0.041667
days from file reference point
7
1 1 1 1 1 1 1
999.999999 9999.9 9999.9 999.9 9999.9 999.9 9.999
end_time of measurement, days from the file reference point
pressure, hPa, Method ref=KE01L_barometer_pressure_sensor
relative_humidity, %, Method ref=KE01L_hygrometer
temperature, deg C, Method ref=KE01L_thermometer_element
wind_direction, deg, Method ref=KE01L_wind_vane
wind_speed, m/s, Method ref=KE01L_anemometer
numflag, no unit
0
39
Data definition:              EBAS_1.1
Set type code:                TU
Timezone:                     UTC
File name:                    KE0001G.20020531230000.20100322000000.aws..met.7mo.1h.KE01L_MKN_aws...nas
File creation:                20220608070148181000
Export state:                 20220608065414856000
Export filter:                exclude-900,exclude-invalid
Startdate:                    20020531230000
Revision date:                20100322000000
Statistics:                   arithmetic mean
Data level:                   
Period code:                  7mo
Resolution code:              1h
Station code:                 KE0001G
Platform code:                KE0001S
Station name:                 Mt. Kenya
Station WDCA-ID:              GAWAKE__MKN
Station GAW-ID:               MKN
Station GAW-Name:             Mt. Kenya
Station land use:             Grassland
Station setting:              Mountain
Station GAW type:             G
Station WMO region:           1
Station latitude:             -0.0622
Station longitude:            37.2972
Station altitude:             3678.0 m
Regime:                       IMG
Component:                    
Matrix:                       met
Laboratory code:              KE01L
Instrument type:              aws
Instrument name:              MKN_aws
Method ref:                   
Originator:                   Klausen, Joerg, , , , , , , , , 
Originator:                   Aseyo, John, , , , , , , , , 
Originator:                   Thiong'o, Kennedy, , , , , , , , , 
Submitter:                    Aseyo, Mr John, , , , , , , , , 
Submitter:                    Klausen, Joerg, , , , , , , , , 
starttime endtime P rH T wind_d wind_s flag
[from data line 2099]
238.416667 238.458333  660.0  100.0   6.2  300.0  10.0 0.000
238.458333 238.500000  659.5  100.0   6.3  284.0   8.6 0.000
238.500000 238.541667  659.4 9999.9   6.2  296.0   6.6 0.000
238.541667 238.583333  659.2 9999.9   6.3  266.8   6.8 0.000
238.583333 238.625000  659.3 9999.9   6.1  261.1   7.6 0.000
238.625000 238.666667  659.3 9999.9   5.6  245.4   7.2 0.000
238.666667 238.708333  659.6 9999.9   5.2  236.1   7.4 0.000
238.708333 238.750000  659.6 9999.9   5.3  218.1   8.8 0.000
238.750000 238.791667  659.8  100.0   4.6  210.3   9.3 0.000
238.791667 238.833333  659.9   90.6   5.4  192.2  10.8 0.000
238.833333 238.875000  660.0   84.6   5.3  176.8   8.1 0.000
238.875000 238.916667  659.8   85.5   5.7  196.2   2.1 0.000
238.916667 238.958333  659.4   83.9   5.4  198.2   0.9 0.000
238.958333 239.000000  659.3   88.1   5.6  175.3   5.7 0.000
239.000000 239.041667  659.3   86.4   5.7  200.0   4.7 0.000
239.041667 239.083333  659.3   90.9   4.8  219.4   3.7 0.000
239.083333 239.125000  659.6   94.9   4.4  184.4   2.8 0.000
239.125000 239.166667  660.0   97.7   4.5  165.6   0.8 0.000
239.166667 239.208333  660.5   96.3   5.5   27.1   2.2 0.000
239.208333 239.250000  661.0   77.4   8.9  311.9   2.5 0.000
239.250000 239.291667  661.4   82.3   9.4  309.4   6.3 0.000
239.291667 239.333333  661.6   89.4   8.1  305.3   8.4 0.000
239.333333 239.375000  661.4   93.8   7.5  310.6   9.0 0.000
239.375000 239.416667  661.0   99.6   6.4  305.8   9.6 0.000
239.416667 239.458333  660.6   98.1   5.1  176.7   3.2 0.000
239.458333 239.500000  660.2   96.5   5.9   13.6   1.7 0.000
239.500000 239.541667  660.0   90.0   5.9  178.7   6.4 0.000
239.541667 239.583333  660.0   87.0   5.9  134.5   2.3 0.000
239.583333 239.625000  659.9   89.7   6.9  137.7   1.5 0.000
239.625000 239.666667  660.1   99.1   6.1  338.2   3.7 0.000
239.666667 239.708333  660.2  100.0   5.0  353.3   2.3 0.000
239.708333 239.750000  660.3   84.5   5.8  125.3   2.1 0.000
239.750000 239.791667  660.6   67.3   7.1  136.2   1.4 0.000
239.791667 239.833333  660.6   62.2   6.9  180.2   3.1 0.000
239.833333 239.875000  660.4   66.7   6.8  134.8   2.9 0.000
239.875000 239.916667  659.8   58.2   6.6   93.1   3.9 0.000
239.916667 239.958333  659.4   36.2   6.3   84.9   8.8 0.000
239.958333 240.000000  659.1   41.3   6.2   87.9  11.9 0.000
240.000000 240.041667  659.2   43.3   5.9   93.2  13.3 0.000
240.041667 240.083333  659.4   49.1   5.8   96.7  13.4 0.000
240.083333 240.125000  659.6   49.5   5.9   87.1  14.0 0.000
240.125000 240.166667  659.9   49.4   6.1   89.4  14.2 0.000
240.166667 240.208333  660.4   40.8   8.4   79.2  12.7 0.000
240.208333 240.250000  661.0   46.5   9.1   88.6  11.7 0.000
240.250000 240.291667  661.4   45.4   9.8   44.0  11.0 0.000
240.291667 240.333333  661.4   55.4  10.5   11.8  13.5 0.000
240.333333 240.375000  661.3   64.4  10.6    0.9  14.5 0.000
240.375000 240.416667  661.0   67.7  10.9  347.4  13.6 0.000
240.416667 240.458333  660.7   69.9  10.8  343.7  12.3 0.000
240.458333 240.500000  660.4   72.2  10.6  341.1  12.1 0.000
240.500000 240.541667  660.2   73.6  10.4  339.6  11.5 0.000
240.541667 240.583333  660.4   78.4   9.4  338.9   8.7 0.000
240.583333 240.625000  660.4   83.1   8.2  355.3   7.8 0.000
240.625000 240.666667  660.3   84.6   6.6   53.6   3.1 0.000
240.666667 240.708333  660.3   63.4   6.0  120.7   1.9 0.000
240.708333 240.750000  660.6   54.0   6.0  134.2   2.4 0.000
240.750000 240.791667  660.8   48.6   5.8  187.1   1.5 0.000
240.791667 240.833333  661.0   51.7   6.1   66.9   3.5 0.000
240.833333 240.875000  660.9   57.0   6.1  108.4   2.2 0.000
240.875000 240.916667  660.5   64.1   5.6  217.2   1.6 0.000
240.916667 240.958333  660.0   78.8   5.2  190.1   2.6 0.000
240.958333 241.000000  659.8   85.7   4.7  180.8   4.1 0.000
241.000000 241.041667  659.8   86.4   4.3  180.2   5.2 0.000
241.041667 241.083333  659.8   86.6   4.3  167.0   5.0 0.000
241.083333 241.125000  659.9   82.8   4.3  208.4   1.8 0.000
241.125000 241.166667  660.2   86.5   4.0   95.5   3.7 0.000
241.166667 241.208333  660.7   44.7   7.2   74.9   6.6 0.000
241.208333 241.250000  661.1   51.4   8.9    1.2   5.9 0.000
241.250000 241.291667  661.5   74.8   9.6  326.9   5.4 0.000
241.291667 241.333333  661.7   78.1   9.4  320.0   6.6 0.000
241.333333 241.375000  661.6   84.7   8.3  324.4   8.9 0.000
241.375000 241.416667  661.2   81.0   8.8  316.2  10.4 0.000
241.416667 241.458333  660.7   87.3   8.0  331.5   9.0 0.000
241.458333 241.500000  660.2   82.5   8.3  333.3  11.0 0.000
241.500000 241.541667  660.0   81.7   8.2  337.6  11.3 0.000
241.541667 241.583333  660.0   76.4   8.0  342.8  10.8 0.000
241.583333 241.625000  660.0   70.8   7.8  348.0   9.4 0.000
241.625000 241.666667  660.1   71.8   6.0   55.3   4.7 0.000
241.666667 241.708333  660.3   59.3   4.6  107.9   5.9 0.000
241.708333 241.750000  660.6   53.2   4.6  115.8   3.6 0.000
241.750000 241.791667  660.5   48.7   4.5  139.0   3.0 0.000
241.791667 241.833333  660.7   48.8   5.4  175.8   6.9 0.000
241.833333 241.875000  660.6   52.3   5.3  174.0   5.3 0.000
241.875000 241.916667  660.2   54.2   5.3  191.5   3.7 0.000
241.916667 241.958333  660.0   51.9   5.6  236.5   2.1 0.000
241.958333 242.000000  659.7   59.4   5.1  194.5   2.9 0.000
242.000000 242.041667  659.6   62.1   4.7  184.3   2.7 0.000
242.041667 242.083333  660.0   63.0   4.2  190.8   2.6 0.000
242.083333 242.125000  660.2   60.9   4.1  171.7   1.6 0.000
242.125000 242.166667  660.4   64.5   3.6   67.3   2.4 0.000
242.166667 242.208333  660.8   54.5   6.0   55.8   2.6 0.000
242.208333 242.250000  661.2   52.8   8.0  321.6   3.5 0.000
242.250000 242.291667  661.5   66.2   8.7  292.2   5.8 0.000
242.291667 242.333333  661.5   69.2   9.7  304.4   5.3 0.000
242.333333 242.375000  661.2   75.6   8.7  298.0   6.5 0.000
242.375000 242.416667  660.9   73.7   9.7  305.6   8.7 0.000
242.416667 242.458333  660.5   76.2   9.3  282.0   8.9 0.000
242.458333 242.500000  660.1   71.4  10.0  315.9  11.3 0.000
242.500000 242.541667  659.8   70.9   9.8  314.2  11.3 0.000
242.541667 242.583333  659.6   85.3   7.9  351.4  10.1 0.000
242.583333 242.625000  659.7   92.0   7.1  351.1   8.1 0.000
242.625000 242.666667  659.6   89.4   6.2  257.8   1.5 0.000
242.666667 242.708333  660.0   81.1   4.8  195.8   4.1 0.000
242.708333 242.750000  660.3   80.2   4.7  177.2   3.8 0.000
242.750000 242.791667  660.3   76.9   5.1  192.5   5.2 0.000
242.791667 242.833333  660.3   81.8   4.8  189.7   7.4 0.000
242.833333 242.875000  660.1   81.8   5.2  190.0   7.4 0.000
242.875000 242.916667  659.7   85.5   5.0  198.3   7.4 0.000
242.916667 242.958333  659.5   90.9   4.9  209.8   7.1 0.000
242.958333 243.000000  659.4   93.0   5.0  234.3   5.8 0.000
243.000000 243.041667  659.5   90.6   4.9  215.1   4.6 0.000
243.041667 243.083333  659.7   88.9   4.7  190.3   3.5 0.000
243.083333 243.125000  659.9   85.4   4.5  162.2   3.8 0.000
243.125000 243.166667  660.3   78.2   4.8  133.7   3.3 0.000
243.166667 243.208333  660.7   50.9   6.8   76.4   4.7 0.000
243.208333 243.250000  661.0   46.4   8.2   28.7   8.3 0.000
243.250000 243.291667  661.4   56.6   9.6  351.8   9.4 0.000
243.291667 243.333333  661.5   75.7   9.1  333.1  10.6 0.000
243.333333 243.375000  661.3   82.1   8.8  333.9  10.5 0.000
243.375000 243.416667  661.0   77.2   9.4  335.6  10.3 0.000
243.416667 243.458333  660.6   72.7  10.1  331.2  11.5 0.000
243.458333 243.500000  660.1   87.2   8.4  331.4  11.5 0.000
243.500000 243.541667  659.8   91.8   7.6  344.4   8.3 0.000
243.541667 243.583333  659.6   88.2   8.2  335.6   8.2 0.000
243.583333 243.625000  659.7   91.8   7.0  343.3   5.0 0.000
243.625000 243.666667  659.6   96.5   5.7   75.2   0.9 0.000
243.666667 243.708333  659.8   95.5   4.9  141.1   1.0 0.000
243.708333 243.750000  660.1   78.3   5.2  142.7   3.1 0.000
243.750000 243.791667  660.2   71.1   5.2  171.8   3.4 0.000
243.791667 243.833333  660.3   62.7   5.1  168.2   5.5 0.000
243.833333 243.875000  660.1   61.0   5.5  172.7   3.7 0.000
243.875000 243.916667  659.6   67.9   5.5  178.3   1.8 0.000
243.916667 243.958333  659.1   70.0   4.5  295.7   0.3 0.000
243.958333 244.000000  658.9   73.5   4.8  258.9   1.1 0.000
244.000000 244.041667  658.8   84.0   4.4  175.6   1.9 0.000
244.041667 244.083333  658.9   90.7   4.9  156.0   3.9 0.000
244.083333 244.125000  659.3   89.9   4.6  148.2   4.7 0.000
244.125000 244.166667  659.6   86.9   4.7   93.8   2.3 0.000
244.166667 244.208333  660.2   74.1   6.4   31.5   1.2 0.000
244.208333 244.250000  660.8   61.4   8.3  340.3   3.6 0.000
244.250000 244.291667  661.1   66.2   9.0  340.8   6.5 0.000
244.291667 244.333333  661.4   83.1   8.1  332.3   6.8 0.000
244.333333 244.375000  661.4   82.8   7.8  320.2   6.9 0.000
244.375000 244.416667  661.0   84.8   8.1  317.0   8.4 0.000
244.416667 244.458333  660.8   86.3   8.0  323.9   8.8 0.000
244.458333 244.500000  660.4   90.4   7.4  333.4   9.9 0.000
244.500000 244.541667  660.1   85.3   8.0  329.7   8.6 0.000
244.541667 244.583333  660.1   94.1   6.6  325.1   6.6 0.000
244.583333 244.625000  660.2   95.1   6.4  313.8   4.3 0.000
244.625000 244.666667  660.3   99.2   5.0  309.1   3.8 0.000
244.666667 244.708333  660.6   80.7   5.0  167.5   5.4 0.000
244.708333 244.750000  660.8   75.1   4.6  179.1   7.5 0.000
244.750000 244.791667  660.9   71.7   4.7  175.9   7.2 0.000
244.791667 244.833333  661.1   67.2   5.5  174.1   7.0 0.000
244.833333 244.875000  660.8   72.9   5.3  173.8   4.8 0.000
244.875000 244.916667  660.4   72.9   5.2  185.0   3.4 0.000
244.916667 244.958333  659.9   77.5   4.3  174.7   1.4 0.000
244.958333 245.000000  659.7   82.2   3.8  185.9   2.1 0.000
245.000000 245.041667  659.7   89.3   3.2  145.2   1.9 0.000
245.041667 245.083333  659.6   65.5   3.7   94.0   6.8 0.000
245.083333 245.125000  659.8   27.4   4.3   91.9  12.9 0.000
245.125000 245.166667  660.1   23.0   4.5   94.3  13.5 0.000
245.166667 245.208333  660.8   25.6   7.4   65.8   9.9 0.000
245.208333 245.250000  661.2   66.2   8.3  346.3   6.8 0.000
245.250000 245.291667  661.7   78.4   8.7  332.5   6.3 0.000
245.291667 245.333333  661.7   76.3   9.4  336.6   6.9 0.000
245.333333 245.375000  661.4   88.4   7.7  321.6   7.5 0.000
245.375000 245.416667  661.1   90.2   7.5  312.8   8.0 0.000
245.416667 245.458333  660.6   80.8   9.1  333.4  10.9 0.000
245.458333 245.500000  660.2   84.9   8.0  335.3   9.9 0.000
245.500000 245.541667  660.0   83.4   8.4  309.6   9.7 0.000
245.541667 245.583333  660.0   97.0   6.4  297.9   8.6 0.000
245.583333 245.625000  660.0   97.6   6.3  277.0   6.4 0.000
245.625000 245.666667  660.2   99.4   5.4  249.4   3.7 0.000
245.666667 245.708333  660.3   98.3   3.8  207.3   0.6 0.000
245.708333 245.750000  660.5   72.4   5.0  192.5   5.3 0.000
245.750000 245.791667  660.7   75.8   4.8  185.1   4.1 0.000
245.791667 245.833333  661.0   66.9   4.6   87.2   0.4 0.000
245.833333 245.875000  660.8   71.7   4.4  334.7   2.3 0.000
245.875000 245.916667  660.3   62.4   4.6   98.4   3.6 0.000
245.916667 245.958333  659.9   63.4   4.5  123.8   3.3 0.000
245.958333 246.000000  659.6   63.3   4.5   81.0   2.4 0.000
246.000000 246.041667  659.4   67.5   3.7   97.4   4.8 0.000
246.041667 246.083333  659.4   69.0   3.8   99.4   2.8 0.000
246.083333 246.125000  659.7   70.1   3.6 9999.9 999.9 0.000
246.125000 246.166667  660.1   72.2   3.6 9999.9 999.9 0.000
246.166667 246.208333  660.6   70.1   5.8 9999.9 999.9 0.000
246.208333 246.250000  661.2   55.3   8.3  280.2   3.3 0.000
246.250000 246.291667  661.6   51.5   9.2  318.1   6.5 0.000
246.291667 246.333333  661.7   69.9   8.5  295.5   6.7 0.000
246.333333 246.375000  661.6   74.4   7.6  295.5   7.6 0.000
246.375000 246.416667  661.2   65.5   8.1  309.7   9.8 0.000
246.416667 246.458333  660.5   61.4   9.1  298.1   9.1 0.000
246.458333 246.500000  660.1   63.1   9.2  287.3  10.3 0.000
246.500000 246.541667  659.6   61.2   8.8  280.1   9.5 0.000
246.541667 246.583333  659.3   70.3   8.3  274.8  10.2 0.000
246.583333 246.625000  659.4   74.8   7.0  248.2   8.0 0.000
246.625000 246.666667  659.6   87.6   5.7  257.8   6.5 0.000
246.666667 246.708333  659.9   97.6   4.3  261.9   3.5 0.000
246.708333 246.750000  660.0   99.1   3.5  170.7   2.3 0.000
246.750000 246.791667  660.1   96.0   3.0  191.7   1.9 0.000
246.791667 246.833333  660.2   87.0   2.9  178.7   3.9 0.000
246.833333 246.875000  660.0   73.9   3.8  188.1   7.8 0.000
246.875000 246.916667  659.6   69.0   4.2  192.0   5.3 0.000
246.916667 246.958333  659.3   70.9   3.9  177.9   4.0 0.000
246.958333 247.000000  659.0   71.7   3.7  170.0   4.4 0.000
247.000000 247.041667  659.0   74.7   3.3  176.9   5.4 0.000
247.041667 247.083333  659.1   60.8   3.8  191.3   3.3 0.000
247.083333 247.125000  659.4   62.7   3.3  144.8   2.2 0.000
247.125000 247.166667  659.9   59.4   3.8  198.7   3.8 0.000
247.166667 247.208333  660.6   58.9   5.1  215.9   3.0 0.000
247.208333 247.250000  661.3   55.7   7.7  256.0   6.0 0.000
247.250000 247.291667  661.8   62.3   8.2  274.5   6.1 0.000
247.291667 247.333333  662.0   67.7   8.7  291.8   6.1 0.000
247.333333 247.375000  661.9   76.4   7.8  293.6   6.4 0.000
247.375000 247.416667  661.6   81.2   7.1  281.3   5.7 0.000
247.416667 247.458333  661.1   80.7   7.2  275.6   6.2 0.000
247.458333 247.500000  660.7   79.6   7.4  269.6   6.9 0.000
247.500000 247.541667  660.4   78.9   7.7  263.8   7.0 0.000
247.541667 247.583333  660.3   74.9   9.0  265.2   9.1 0.000
247.583333 247.625000  660.5   77.5   8.3  265.9  11.2 0.000
247.625000 247.666667  660.6   91.0   6.0  248.8   6.1 0.000
247.666667 247.708333  660.9   96.5   4.4  218.3   3.5 0.000
247.708333 247.750000  660.8   89.0   4.2  223.2   4.8 0.000
247.750000 247.791667  660.9   86.5   3.9  222.6   5.6 0.000
247.791667 247.833333  661.0   75.1   4.3  200.2   4.6 0.000
247.833333 247.875000  660.8   59.8   5.0  154.0   2.0 0.000
247.875000 247.916667  660.2   52.4   5.5   80.4   6.2 0.000
247.916667 247.958333  659.5   65.5   5.4   81.2   7.9 0.000
247.958333 248.000000  659.2   67.7   4.9   84.4   9.9 0.000
248.000000 248.041667  659.2   51.5   5.1   81.2   8.6 0.000
248.041667 248.083333  659.3   48.2   4.8   88.6   9.4 0.000
248.083333 248.125000  659.6   37.8   5.2   86.5   8.0 0.000
248.125000 248.166667  660.2   35.6   5.0   84.1   5.1 0.000
248.166667 248.208333  660.9   54.4   5.7  167.6   2.6 0.000
248.208333 248.250000  661.4   53.7   9.1  316.0   4.0 0.000
248.250000 248.291667  661.8   64.5   8.9  288.0   6.5 0.000
248.291667 248.333333  662.0   73.3   8.9  308.1   7.8 0.000
248.333333 248.375000  661.8   77.0   8.5  305.4   7.5 0.000
248.375000 248.416667  661.6   77.9   7.6  283.4   7.5 0.000
248.416667 248.458333  661.1   79.2   7.0  259.2   3.9 0.000
248.458333 248.500000  660.6   83.3   6.8  297.1   4.6 0.000
248.500000 248.541667  660.4   84.0   6.9  265.3   5.6 0.000
248.541667 248.583333  660.3   91.1   6.5  315.7   4.0 0.000
248.583333 248.625000  660.5   92.3   6.3  333.1   2.1 0.000
248.625000 248.666667  660.7   96.7   5.8  283.3   2.4 0.000
248.666667 248.708333  661.0   98.4   5.1 9999.9 999.9 0.000
248.708333 248.750000  661.0   76.8   5.1  196.8   6.3 0.000
248.750000 248.791667  661.0   76.2   4.6  233.9   4.8 0.000
248.791667 248.833333  661.0   86.9   4.0  206.3   3.4 0.000
248.833333 248.875000  660.8   88.9   4.1  191.3   3.5 0.000
248.875000 248.916667  660.3   49.3   5.2   81.1   2.7 0.000
248.916667 248.958333  659.8   50.4   5.0   70.9   1.1 0.000
248.958333 249.000000  659.5   51.5   5.2   59.0   0.2 0.000
249.000000 249.041667  659.6   46.2   6.1   31.0   0.9 0.000
249.041667 249.083333  659.7   44.1   6.2   95.8   5.8 0.000
249.083333 249.125000  660.1   46.6   6.1   80.1   3.8 0.000
249.125000 249.166667  660.7   49.3   5.9   88.4   6.1 0.000
249.166667 249.208333  661.4   50.5   6.6  115.8   3.8 0.000
249.208333 249.250000  662.0   50.6   7.8  359.5   5.3 0.000
249.250000 249.291667  662.2   50.1   8.9  308.5   4.6 0.000
