data/ebas/met/KE0001G.20060101000000.20100322000000.aws..met.5mo.1h.KE01L_MKN_aws...nas
60 1001
Klausen, Joerg; Aseyo, John; Thiong'o, Kennedy
KE01L, Kenya Meteorological Department, , , "Dagoretti Corner, Nairobi, Kenya", , , , 
Aseyo, Mr John; Klausen, Joerg
GAW-WDCRG sel_HTAP
1 1
2006 01 01 2010 03 22
0.041667
days from file reference point
7
1 1 1 1 1 1 1
999.999999 9999.9 9999.9 999.9 9999.9 999.9 9.999
end_time of measurement, days from the file reference point
pressure, hPa, Method ref=KE01L_barometer_pressure_sensor
relative_humidity, %, Method ref=KE01L_hygrometer
temperature, deg C, Method ref=KE01L_thermometer_element
wind_direction, deg, Method ref=KE01L_wind_vane
wind_speed, m/s, Method ref=KE01L_anemometer
numflag, no unit
0
39
Data definition:              EBAS_1.1
Set type code:                TU
Timezone:                     UTC
File name:                    KE0001G.20060101000000.20100322000000.aws..met.5mo.1h.KE01L_MKN_aws...nas
File creation:                20220608070152070000
Export state:                 20220608065414856000
Export filter:                exclude-900,exclude-invalid
Startdate:                    20060101000000
Revision date:                20100322000000
Statistics:                   arithmetic mean
Data level:                   
Period code:                  5mo
Resolution code:              1h
Station code:                 KE0001G
Platform code:                KE0001S
Station name:                 Mt. Kenya
Station WDCA-ID:              GAWAKE__MKN
Station GAW-ID:               MKN
Station GAW-Name:             Mt. Kenya
Station land use:             Grassland
Station setting:              Mountain
Station GAW type:             G
Station WMO region:           1
Station latitude:             -0.0622
Station longitude:            37.2972
Station altitude:             3678.0 m
Regime:                       IMG
Component:                    
Matrix:                       met
Laboratory code:              KE01L
Instrument type:              aws
Instrument name:              MKN_aws
Method ref:                   
Originator:                   Klausen, Joerg, , , , , , , , , 
Originator:                   Aseyo, John, , , , , , , , , 
Originator:                   Thiong'o, Kennedy, , , , , , , , , 
Submitter:                    Aseyo, Mr John, , , , , , , , , 
Submitter:                    Klausen, Joerg, , , , , , , , , 
starttime endtime P rH T wind_d wind_s flag
[from data line 1837]
 76.541667  76.583333  658.3   88.3   9.2 9999.9 999.9 0.000
 76.583333  76.625000  658.4   90.7   8.3 9999.9 999.9 0.000
 76.625000  76.666667  658.6   87.5   7.8 9999.9 999.9 0.000
 76.666667  76.708333  658.8   83.9   6.0 9999.9 999.9 0.000
 76.708333  76.750000  659.1   92.6   5.5 9999.9 999.9 0.000
 76.750000  76.791667  659.5   84.4   5.2 9999.9 999.9 0.000
 76.791667  76.833333  659.8   88.5   5.4 9999.9 999.9 0.000
 76.833333  76.875000  659.9   93.7   5.0 9999.9 999.9 0.000
 76.875000  76.916667  659.4   89.0   4.8 9999.9 999.9 0.000
 76.916667  76.958333  659.0   82.7   4.7 9999.9 999.9 0.000
 76.958333  77.000000  658.8   77.3   4.9 9999.9 999.9 0.000
 77.000000  77.041667  658.6   70.1   3.9 9999.9 999.9 0.000
 77.041667  77.083333  658.8   62.6   4.4 9999.9 999.9 0.000
 77.083333  77.125000  658.8   48.8   4.0 9999.9 999.9 0.000
 77.125000  77.166667  659.1   36.9   4.6 9999.9 999.9 0.000
 77.166667  77.208333  659.3   35.3   5.0 9999.9 999.9 0.000
 77.208333  77.250000 9999.9 9999.9 999.9 9999.9 999.9 0.999
 77.250000  77.291667 9999.9 9999.9 999.9 9999.9 999.9 0.999
 77.291667  77.333333 9999.9 9999.9 999.9 9999.9 999.9 0.999
 77.333333  77.375000 9999.9 9999.9 999.9 9999.9 999.9 0.999
 77.375000  77.416667 9999.9 9999.9 999.9 9999.9 999.9 0.999
 77.416667  77.458333 9999.9 9999.9 999.9 9999.9 999.9 0.999
 77.458333  77.500000 9999.9 9999.9 999.9 9999.9 999.9 0.999
 77.500000  77.541667 9999.9 9999.9 999.9 9999.9 999.9 0.999
 77.541667  77.583333 9999.9 9999.9 999.9 9999.9 999.9 0.999
 77.583333  77.625000 9999.9 9999.9 999.9 9999.9 999.9 0.999
 77.625000  77.666667 9999.9 9999.9 999.9 9999.9 999.9 0.999
 77.666667  77.708333 9999.9 9999.9 999.9 9999.9 999.9 0.999
 77.708333  77.750000 9999.9 9999.9 999.9 9999.9 999.9 0.999
 77.750000  77.791667 9999.9 9999.9 999.9 9999.9 999.9 0.999
 77.791667  77.833333 9999.9 9999.9 999.9 9999.9 999.9 0.999
 77.833333  77.875000 9999.9 9999.9 999.9 9999.9 999.9 0.999
 77.875000  77.916667 9999.9 9999.9 999.9 9999.9 999.9 0.999
 77.916667  77.958333 9999.9 9999.9 999.9 9999.9 999.9 0.999
 77.958333  78.000000 9999.9 9999.9 999.9 9999.9 999.9 0.999
 78.000000  78.041667 9999.9 9999.9 999.9 9999.9 999.9 0.999
 78.041667  78.083333 9999.9 9999.9 999.9 9999.9 999.9 0.999
 78.083333  78.125000 9999.9 9999.9 999.9 9999.9 999.9 0.999
 78.125000  78.166667 9999.9 9999.9 999.9 9999.9 999.9 0.999
 78.166667  78.208333 9999.9 9999.9 999.9 9999.9 999.9 0.999
 78.208333  78.250000 9999.9 9999.9 999.9 9999.9 999.9 0.999
 78.250000  78.291667 9999.9 9999.9 999.9 9999.9 999.9 0.999
 78.291667  78.333333 9999.9 9999.9 999.9 9999.9 999.9 0.999
 78.333333  78.375000 9999.9 9999.9 999.9 9999.9 999.9 0.999
 78.375000  78.416667  660.5   75.4   9.3 9999.9 999.9 0.000
 78.416667  78.458333  660.1   65.1   9.5 9999.9 999.9 0.000
 78.458333  78.500000  659.8   73.8   9.3 9999.9 999.9 0.000
 78.500000  78.541667  659.2   89.5   8.6 9999.9 999.9 0.000
 78.541667  78.583333  659.1   81.4   8.0 9999.9 999.9 0.000
 78.583333  78.625000  659.3   77.3   8.2 9999.9 999.9 0.000
 78.625000  78.666667  659.7   81.1   7.0 9999.9 999.9 0.000
 78.666667  78.708333  660.2   84.5   5.5 9999.9 999.9 0.000
 78.708333  78.750000  660.6   83.2   5.7 9999.9 999.9 0.000
 78.750000  78.791667  660.9   79.9   5.2 9999.9 999.9 0.000
 78.791667  78.833333  661.1   80.0   4.7 9999.9 999.9 0.000
 78.833333  78.875000  660.9   80.5   5.3 9999.9 999.9 0.000
 78.875000  78.916667  660.4   80.5   5.4 9999.9 999.9 0.000
 78.916667  78.958333  660.1   86.9   5.2 9999.9 999.9 0.000
 78.958333  79.000000  659.8   82.4   4.5 9999.9 999.9 0.000
 79.000000  79.041667  659.5   70.8   5.4 9999.9 999.9 0.000
 79.041667  79.083333  659.6   67.6   5.4 9999.9 999.9 0.000
 79.083333  79.125000  659.8   66.0   4.7 9999.9 999.9 0.000
 79.125000  79.166667  659.8   61.5   4.6 9999.9 999.9 0.000
 79.166667  79.208333  660.2   50.0   6.6 9999.9 999.9 0.000
 79.208333  79.250000  660.7   42.8   8.4 9999.9 999.9 0.000
 79.250000  79.291667  661.0   38.7   9.7 9999.9 999.9 0.000
 79.291667  79.333333  661.0   42.1  10.8 9999.9 999.9 0.000
 79.333333  79.375000  660.9   50.7  11.2 9999.9 999.9 0.000
 79.375000  79.416667  660.5   58.9  11.2 9999.9 999.9 0.000
 79.416667  79.458333  660.1   57.2  11.2 9999.9 999.9 0.000
 79.458333  79.500000  659.8   65.1  11.3 9999.9 999.9 0.000
 79.500000  79.541667  659.5   89.7   8.6 9999.9 999.9 0.000
 79.541667  79.583333  659.2   78.1   9.6 9999.9 999.9 0.000
 79.583333  79.625000  659.4   90.2   6.4 9999.9 999.9 0.000
 79.625000  79.666667  659.6   75.0   5.9 9999.9 999.9 0.000
 79.666667  79.708333  659.5   55.9   6.2 9999.9 999.9 0.000
 79.708333  79.750000  660.0   53.7   6.7 9999.9 999.9 0.000
 79.750000  79.791667  660.4   70.5   6.0 9999.9 999.9 0.000
 79.791667  79.833333  660.6   79.5   6.5 9999.9 999.9 0.000
 79.833333  79.875000  660.7   88.6   6.0 9999.9 999.9 0.000
 79.875000  79.916667  660.2   85.9   5.3 9999.9 999.9 0.000
 79.916667  79.958333  659.8   79.4   5.1 9999.9 999.9 0.000
 79.958333  80.000000  659.4   72.2   4.4 9999.9 999.9 0.000
 80.000000  80.041667  659.1   67.0   4.6 9999.9 999.9 0.000
 80.041667  80.083333  659.1   68.1   4.4 9999.9 999.9 0.000
 80.083333  80.125000  659.3   48.1   4.6 9999.9 999.9 0.000
 80.125000  80.166667  659.5   34.6   4.2 9999.9 999.9 0.000
 80.166667  80.208333  659.8   33.4   6.3 9999.9 999.9 0.000
 80.208333  80.250000  660.2   36.1   8.6 9999.9 999.9 0.000
 80.250000  80.291667  660.5   46.9   9.7 9999.9 999.9 0.000
 80.291667  80.333333  660.6   56.9  10.6 9999.9 999.9 0.000
 80.333333  80.375000  660.6   67.3  10.8 9999.9 999.9 0.000
 80.375000  80.416667  660.4   57.0  12.3 9999.9 999.9 0.000
 80.416667  80.458333  660.0   60.2  12.5 9999.9 999.9 0.000
 80.458333  80.500000  659.5   73.5  11.1 9999.9 999.9 0.000
 80.500000  80.541667  658.8   85.7   9.5 9999.9 999.9 0.000
 80.541667  80.583333  658.5   67.7   9.2 9999.9 999.9 0.000
 80.583333  80.625000  658.9   86.8   8.2 9999.9 999.9 0.000
 80.625000  80.666667  658.9   77.7   7.1 9999.9 999.9 0.000
 80.666667  80.708333  659.2   71.9   6.0 9999.9 999.9 0.000
 80.708333  80.750000  659.6   72.3   5.5 9999.9 999.9 0.000
 80.750000  80.791667  660.0   73.4   5.2 9999.9 999.9 0.000
 80.791667  80.833333  660.3   80.3   5.3 9999.9 999.9 0.000
 80.833333  80.875000  660.3   78.6   5.3 9999.9 999.9 0.000
 80.875000  80.916667  659.6   69.3   4.8 9999.9 999.9 0.000
 80.916667  80.958333  659.0   56.7   4.5 9999.9 999.9 0.000
 80.958333  81.000000  658.9   43.4   3.9 9999.9 999.9 0.000
 81.000000  81.041667  658.8   36.6   3.8 9999.9 999.9 0.000
 81.041667  81.083333  658.9   30.3   4.5 9999.9 999.9 0.000
 81.083333  81.125000  658.8   23.5   5.2 9999.9 999.9 0.000
 81.125000  81.166667  658.9   28.7   4.9 9999.9 999.9 0.000
 81.166667  81.208333  659.3   31.3   7.3 9999.9 999.9 0.000
 81.208333  81.250000  659.7   31.4   9.2 9999.9 999.9 0.000
 81.250000  81.291667  660.1   32.0  10.5 9999.9 999.9 0.000
 81.291667  81.333333  660.4   37.4  11.6 9999.9 999.9 0.000
 81.333333  81.375000  660.1   61.3  11.4 9999.9 999.9 0.000
 81.375000  81.416667  659.9   85.6   8.1 9999.9 999.9 0.000
 81.416667  81.458333  659.4   83.3   8.3 9999.9 999.9 0.000
 81.458333  81.500000  658.8   69.2   9.6 9999.9 999.9 0.000
 81.500000  81.541667  658.6   68.4  10.2 9999.9 999.9 0.000
 81.541667  81.583333  658.2   80.8   9.7 9999.9 999.9 0.000
 81.583333  81.625000  658.2   85.3   9.2 9999.9 999.9 0.000
 81.625000  81.666667  658.6   87.0   7.2 9999.9 999.9 0.000
 81.666667  81.708333  659.1   86.5   6.5 9999.9 999.9 0.000
 81.708333  81.750000  659.6   88.9   5.8 9999.9 999.9 0.000
 81.750000  81.791667  660.2   88.3   5.1 9999.9 999.9 0.000
 81.791667  81.833333  660.4   87.3   4.6 9999.9 999.9 0.000
 81.833333  81.875000  660.2   86.4   4.7 9999.9 999.9 0.000
 81.875000  81.916667  659.7   85.4   4.7 9999.9 999.9 0.000
 81.916667  81.958333  658.9   76.6   4.9 9999.9 999.9 0.000
 81.958333  82.000000  658.5   77.7   4.8 9999.9 999.9 0.000
 82.000000  82.041667  658.5   76.3   5.3 9999.9 999.9 0.000
 82.041667  82.083333  658.5   79.6   4.6 9999.9 999.9 0.000
 82.083333  82.125000  658.7   77.7   4.5 9999.9 999.9 0.000
 82.125000  82.166667  658.9   62.0   5.2 9999.9 999.9 0.000
 82.166667  82.208333  659.5   46.8   7.2 9999.9 999.9 0.000
 82.208333  82.250000  660.0   64.1   9.0 9999.9 999.9 0.000
 82.250000  82.291667  660.4   74.5   9.0 9999.9 999.9 0.000
 82.291667  82.333333  660.4   75.9   9.1 9999.9 999.9 0.000
 82.333333  82.375000  660.2   75.8   9.2 9999.9 999.9 0.000
 82.375000  82.416667  659.8   77.6   9.1 9999.9 999.9 0.000
 82.416667  82.458333  659.2   86.9   8.5 9999.9 999.9 0.000
 82.458333  82.500000  658.6   91.3   8.0 9999.9 999.9 0.000
 82.500000  82.541667  658.3   96.0   7.7 9999.9 999.9 0.000
 82.541667  82.583333  658.0   97.0   7.0 9999.9 999.9 0.000
 82.583333  82.625000  658.0   82.5   8.7 9999.9 999.9 0.000
 82.625000  82.666667  658.6   83.4   8.5 9999.9 999.9 0.000
 82.666667  82.708333  659.3   85.9   7.4 9999.9 999.9 0.000
 82.708333  82.750000  659.9   81.4   7.1 9999.9 999.9 0.000
 82.750000  82.791667  660.4   86.4   5.7 9999.9 999.9 0.000
 82.791667  82.833333  660.6   84.0   6.1 9999.9 999.9 0.000
 82.833333  82.875000  660.8   92.4   4.9 9999.9 999.9 0.000
 82.875000  82.916667  660.2   84.6   5.1 9999.9 999.9 0.000
 82.916667  82.958333  659.6   84.4   5.2 9999.9 999.9 0.000
 82.958333  83.000000  659.0   79.8   5.5 9999.9 999.9 0.000
 83.000000  83.041667  658.8   73.7   5.3 9999.9 999.9 0.000
 83.041667  83.083333  658.9   69.8   5.0 9999.9 999.9 0.000
 83.083333  83.125000  659.2   71.9   5.0 9999.9 999.9 0.000
 83.125000  83.166667  659.6   80.2   5.0 9999.9 999.9 0.000
 83.166667  83.208333  660.1   81.1   5.5 9999.9 999.9 0.000
 83.208333  83.250000  660.9   79.7   6.9 9999.9 999.9 0.000
 83.250000  83.291667  661.3   78.3   7.8 9999.9 999.9 0.000
 83.291667  83.333333  661.2   73.1   8.9 9999.9 999.9 0.000
 83.333333  83.375000  660.9   62.2  10.5 9999.9 999.9 0.000
 83.375000  83.416667  660.3   65.7  11.5 9999.9 999.9 0.000
 83.416667  83.458333  659.9   73.8  10.3 9999.9 999.9 0.000
 83.458333  83.500000  659.0   79.6  10.3 9999.9 999.9 0.000
 83.500000  83.541667  658.4   72.0  10.5 9999.9 999.9 0.000
 83.541667  83.583333  658.3   76.8   9.1 9999.9 999.9 0.000
 83.583333  83.625000  658.8   96.3   6.8 9999.9 999.9 0.000
 83.625000  83.666667  659.3   90.2   5.2 9999.9 999.9 0.000
 83.666667  83.708333  660.0   87.5   6.2 9999.9 999.9 0.000
 83.708333  83.750000  660.6   81.1   5.4 9999.9 999.9 0.000
 83.750000  83.791667  661.1   87.3   5.3 9999.9 999.9 0.000
 83.791667  83.833333  661.2   89.0   4.4 9999.9 999.9 0.000
 83.833333  83.875000  661.0   85.0   4.4 9999.9 999.9 0.000
 83.875000  83.916667  660.4   83.8   4.6 9999.9 999.9 0.000
 83.916667  83.958333  659.8   67.2   5.4 9999.9 999.9 0.000
 83.958333  84.000000  659.7   80.7   5.2 9999.9 999.9 0.000
 84.000000  84.041667  659.3   79.8   5.2 9999.9 999.9 0.000
 84.041667  84.083333  659.5   70.1   4.8 9999.9 999.9 0.000
 84.083333  84.125000  659.8   90.8   4.5 9999.9 999.9 0.000
 84.125000  84.166667  660.1   68.0   5.1 9999.9 999.9 0.000
 84.166667  84.208333  660.6   41.4   5.8 9999.9 999.9 0.000
 84.208333  84.250000  661.2   37.3   7.5 9999.9 999.9 0.000
 84.250000  84.291667  661.8   42.6   9.6 9999.9 999.9 0.000
 84.291667  84.333333  662.0   41.0  10.4 9999.9 999.9 0.000
 84.333333  84.375000  661.6   54.2  10.6 9999.9 999.9 0.000
 84.375000  84.416667  661.2   51.4  11.1 9999.9 999.9 0.000
 84.416667  84.458333  660.7   49.9  11.3 9999.9 999.9 0.000
 84.458333  84.500000  660.0   53.2  10.9 9999.9 999.9 0.000
 84.500000  84.541667  659.6   64.7  10.1 9999.9 999.9 0.000
 84.541667  84.583333  659.4   83.1   8.3 9999.9 999.9 0.000
 84.583333  84.625000  659.5   79.7   7.7 9999.9 999.9 0.000
 84.625000  84.666667  659.7   78.9   6.8 9999.9 999.9 0.000
 84.666667  84.708333  659.9   84.7   5.8 9999.9 999.9 0.000
 84.708333  84.750000  660.4   89.3   5.1 9999.9 999.9 0.000
 84.750000  84.791667  660.8   87.3   4.8 9999.9 999.9 0.000
 84.791667  84.833333  661.0   74.3   4.4 9999.9 999.9 0.000
 84.833333  84.875000  661.0   54.5   3.9 9999.9 999.9 0.000
 84.875000  84.916667  660.3   51.6   3.8 9999.9 999.9 0.000
 84.916667  84.958333  659.6   35.1   4.4 9999.9 999.9 0.000
 84.958333  85.000000  658.9   30.4   3.9 9999.9 999.9 0.000
 85.000000  85.041667  658.6   28.6   3.7 9999.9 999.9 0.000
 85.041667  85.083333  658.6   23.1   4.0 9999.9 999.9 0.000
 85.083333  85.125000  658.9   21.9   5.1 9999.9 999.9 0.000
 85.125000  85.166667  659.5   22.2   4.7 9999.9 999.9 0.000
 85.166667  85.208333  660.0   19.8   6.0 9999.9 999.9 0.000
 85.208333  85.250000  660.7   20.2   7.9 9999.9 999.9 0.000
 85.250000  85.291667  661.1   23.0   9.2 9999.9 999.9 0.000
 85.291667  85.333333  661.3   26.4   9.8 9999.9 999.9 0.000
 85.333333  85.375000  661.1   26.0  10.7 9999.9 999.9 0.000
 85.375000  85.416667  660.7   38.4  11.4 9999.9 999.9 0.000
 85.416667  85.458333  660.3   63.9  10.5 9999.9 999.9 0.000
 85.458333  85.500000  659.8   66.7  10.5 9999.9 999.9 0.000
 85.500000  85.541667  659.3   68.6  10.4 9999.9 999.9 0.000
 85.541667  85.583333  659.1   79.0   9.0 9999.9 999.9 0.000
 85.583333  85.625000  659.0   85.1   7.4 9999.9 999.9 0.000
 85.625000  85.666667  659.2   87.2   7.0 9999.9 999.9 0.000
 85.666667  85.708333  659.4   92.6   5.3 9999.9 999.9 0.000
 85.708333  85.750000  659.9   84.1   4.5 9999.9 999.9 0.000
 85.750000  85.791667  660.5   81.8   4.0 9999.9 999.9 0.000
 85.791667  85.833333  660.8   88.3   3.7 9999.9 999.9 0.000
 85.833333  85.875000  660.8   91.1   3.5 9999.9 999.9 0.000
 85.875000  85.916667  660.4   80.8   3.0 9999.9 999.9 0.000
 85.916667  85.958333  659.8   50.0   3.2 9999.9 999.9 0.000
 85.958333  86.000000  659.3   49.4   2.9 9999.9 999.9 0.000
 86.000000  86.041667  659.2   39.6   3.2 9999.9 999.9 0.000
 86.041667  86.083333  659.2   41.2   3.7 9999.9 999.9 0.000
 86.083333  86.125000  659.3   24.5   3.3 9999.9 999.9 0.000
 86.125000  86.166667  659.4   20.1   4.8 9999.9 999.9 0.000
 86.166667  86.208333  660.0   30.8   6.1 9999.9 999.9 0.000
 86.208333  86.250000  660.7   24.2   9.5 9999.9 999.9 0.000
 86.250000  86.291667  661.3   46.3   9.0 9999.9 999.9 0.000
 86.291667  86.333333  661.6   54.6   9.5 9999.9 999.9 0.000
 86.333333  86.375000  661.4   57.7  10.5 9999.9 999.9 0.000
 86.375000  86.416667  661.2   52.9  11.3 9999.9 999.9 0.000
 86.416667  86.458333  660.9   59.3  10.1 9999.9 999.9 0.000
 86.458333  86.500000  660.4   60.9   9.9 9999.9 999.9 0.000
 86.500000  86.541667  660.2   62.2   9.3 9999.9 999.9 0.000
 86.541667  86.583333  660.1   64.3   9.4 9999.9 999.9 0.000
 86.583333  86.625000  660.0   64.5  10.0 9999.9 999.9 0.000
 86.625000  86.666667  660.3   79.9   7.2 9999.9 999.9 0.000
 86.666667  86.708333  660.5   86.4   5.3 9999.9 999.9 0.000
 86.708333  86.750000  660.9   85.4   5.1 9999.9 999.9 0.000
 86.750000  86.791667  661.1   83.9   4.8 9999.9 999.9 0.000
 86.791667  86.833333  661.4   74.5   4.8 9999.9 999.9 0.000
 86.833333  86.875000  661.5   82.5   4.4 9999.9 999.9 0.000
 86.875000  86.916667  661.1   86.4   3.7 9999.9 999.9 0.000
 86.916667  86.958333  660.4   49.5   3.8 9999.9 999.9 0.000
 86.958333  87.000000  660.0   43.3   4.4 9999.9 999.9 0.000
 87.000000  87.041667  659.7   36.2   5.0 9999.9 999.9 0.000
 87.041667  87.083333  659.8   46.2   4.3 9999.9 999.9 0.000
 87.083333  87.125000  660.2   49.9   3.7 9999.9 999.9 0.000
 87.125000  87.166667  660.9   39.4   4.0 9999.9 999.9 0.000
 87.166667  87.208333  661.6   36.9   7.3 9999.9 999.9 0.000
 87.208333  87.250000  662.3   52.2   8.9 9999.9 999.9 0.000
 87.250000  87.291667  662.8   64.7   9.5 9999.9 999.9 0.000
 87.291667  87.333333  662.9   62.2  10.4 9999.9 999.9 0.000
 87.333333  87.375000  662.7   66.4   9.9 9999.9 999.9 0.000
 87.375000  87.416667  662.1   74.8   9.5 9999.9 999.9 0.000
