data/ebas/met/KE0001G.20030101000000.20100322000000.aws..met.1y.1h.KE01L_MKN_aws...nas
60 1001
Klausen, Joerg; Aseyo, John; Thiong'o, Kennedy
KE01L, Kenya Meteorological Department, , , "Dagoretti Corner, Nairobi, Kenya", , , , 
Aseyo, Mr John; Klausen, Joerg
GAW-WDCRG sel_HTAP
1 1
2003 01 01 2010 03 22
0.041667
days from file reference point
7
1 1 1 1 1 1 1
999.999999 9999.9 9999.9 999.9 9999.9 999.9 9.999
end_time of measurement, days from the file reference point
pressure, hPa, Method ref=KE01L_barometer_pressure_sensor
relative_humidity, %, Method ref=KE01L_hygrometer
temperature, deg C, Method ref=KE01L_thermometer_element
wind_direction, deg, Method ref=KE01L_wind_vane
wind_speed, m/s, Method ref=KE01L_anemometer
numflag, no unit
0
39
Data definition:              EBAS_1.1
Set type code:                TU
Timezone:                     UTC
File name:                    KE0001G.20030101000000.20100322000000.aws..met.1y.1h.KE01L_MKN_aws...nas
File creation:                20220608070148798000
Export state:                 20220608065414856000
Export filter:                exclude-900,exclude-invalid
Startdate:                    20030101000000
Revision date:                20100322000000
Statistics:                   arithmetic mean
Data level:                   
Period code:                  1y
Resolution code:              1h
Station code:                 KE0001G
Platform code:                KE0001S
Station name:                 Mt. Kenya
Station WDCA-ID:              GAWAKE__MKN
Station GAW-ID:               MKN
Station GAW-Name:             Mt. Kenya
Station land use:             Grassland
Station setting:              Mountain
Station GAW type:             G
Station WMO region:           1
Station latitude:             -0.0622
Station longitude:            37.2972
Station altitude:             3678.0 m
Regime:                       IMG
Component:                    
Matrix:                       met
Laboratory code:              KE01L
Instrument type:              aws
Instrument name:              MKN_aws
Method ref:                   
Originator:                   Klausen, Joerg, , , , , , , , , 
Originator:                   Aseyo, John, , , , , , , , , 
Originator:                   Thiong'o, Kennedy, , , , , , , , , 
Submitter:                    Aseyo, Mr John, , , , , , , , , 
Submitter:                    Klausen, Joerg, , , , , , , , , 
starttime endtime P rH T wind_d wind_s flag
[from data line 6296]
262.333333 262.375000  662.5   80.3   8.3  315.4   7.2 0.000
262.375000 262.416667  662.0   73.7   8.8  311.1   9.2 0.000
262.416667 262.458333  661.3   58.7  10.2  265.3   9.7 0.000
262.458333 262.500000  660.9   50.3  10.5  316.8  11.5 0.000
262.500000 262.541667  660.7   52.6  11.0  311.9  11.8 0.000
262.541667 262.583333  660.6   73.3   8.7  315.9   7.5 0.000
262.583333 262.625000  660.8   69.1   7.5  214.7   4.5 0.000
262.625000 262.666667  660.9   86.1   6.5  337.5   2.3 0.000
262.666667 262.708333  661.1   95.9   5.9    7.1   2.4 0.000
262.708333 262.750000  661.2   93.4   4.9  182.1   3.0 0.000
262.750000 262.791667  661.6   83.9   4.4  178.1   3.9 0.000
262.791667 262.833333  661.7   50.1   5.3  174.1   5.7 0.000
262.833333 262.875000  661.4   45.0   6.5  166.8   2.9 0.000
262.875000 262.916667  660.7   50.1   6.3  164.0   3.2 0.000
262.916667 262.958333  660.1   55.7   6.0  161.1   4.0 0.000
262.958333 263.000000  659.8   56.4   5.5  160.5   4.3 0.000
263.000000 263.041667  659.9   51.5   5.8  151.5   0.8 0.000
263.041667 263.083333  660.0   51.4   5.5  134.8   2.3 0.000
263.083333 263.125000  660.2   53.9   5.5  125.8   2.0 0.000
263.125000 263.166667  660.7   53.2   5.8  146.5   1.6 0.000
263.166667 263.208333  661.4   41.3   8.6    5.1   1.0 0.000
263.208333 263.250000  662.1   36.0  10.1  344.3   4.0 0.000
263.250000 263.291667  662.4   39.0  10.8  314.9   6.5 0.000
263.291667 263.333333  662.5   54.4  10.4  319.5   7.6 0.000
263.333333 263.375000  662.1   68.6   9.8  318.7   7.1 0.000
263.375000 263.416667  661.6   69.6   9.6  324.9  10.1 0.000
263.416667 263.458333  661.1   69.3   9.3  308.1   8.9 0.000
263.458333 263.500000  660.5   77.4   8.6  303.5   9.7 0.000
263.500000 263.541667  660.2   80.6   8.5  311.4  10.9 0.000
263.541667 263.583333  660.2   94.1   6.9  268.2   4.7 0.000
263.583333 263.625000  660.4  100.0   6.0  224.7   2.3 0.000
263.625000 263.666667  660.5  100.0   5.8  270.6   2.2 0.000
263.666667 263.708333  660.8  100.0   5.6  184.7   1.6 0.000
263.708333 263.750000  661.0   95.4   4.9  141.6   4.4 0.000
263.750000 263.791667  661.1   85.1   5.0  162.9   2.2 0.000
263.791667 263.833333  661.2   84.1   4.7  129.9   2.3 0.000
263.833333 263.875000  660.8   73.6   5.3  178.6   3.5 0.000
263.875000 263.916667  660.1   78.8   4.8  183.7   3.6 0.000
263.916667 263.958333  659.7   81.0   4.6  170.7   4.9 0.000
263.958333 264.000000  659.4   76.6   4.9  173.7   6.1 0.000
264.000000 264.041667  659.4   76.3   4.7  172.2   5.5 0.000
264.041667 264.083333  659.6   76.1   4.7  170.3   3.1 0.000
264.083333 264.125000  660.0   75.7   4.8  195.2   1.4 0.000
264.125000 264.166667  660.5   76.7   4.5  164.3   4.4 0.000
264.166667 264.208333  661.1   62.7   7.2  132.6   1.7 0.000
264.208333 264.250000  661.7   42.2  10.1  338.6   3.6 0.000
264.250000 264.291667  662.2   45.8  10.5  327.9   6.3 0.000
264.291667 264.333333  662.2   62.4   9.6  308.3   7.4 0.000
264.333333 264.375000  661.7   70.9   9.1  319.0   7.8 0.000
264.375000 264.416667  661.3   83.4   8.5  332.1   7.9 0.000
264.416667 264.458333  660.7   85.2   8.1  331.2   6.0 0.000
264.458333 264.500000  660.1   73.9   9.3  346.9  10.4 0.000
264.500000 264.541667  659.9   89.2   6.9  356.2   8.7 0.000
264.541667 264.583333  660.0   92.1   5.4   68.5   2.0 0.000
264.583333 264.625000  659.9   88.1   5.8  141.1   3.8 0.000
264.625000 264.666667  660.0   82.2   5.6  174.1   6.3 0.000
264.666667 264.708333  660.4   84.6   4.9  190.8   5.5 0.000
264.708333 264.750000  660.7   86.2   4.6  151.8   4.2 0.000
264.750000 264.791667  660.6   78.4   4.7  149.3   4.3 0.000
264.791667 264.833333  660.9   77.4   4.4  169.7   1.7 0.000
264.833333 264.875000  660.8   77.8   4.6  160.9   1.8 0.000
264.875000 264.916667  660.3   62.7   4.3  129.4   4.5 0.000
264.916667 264.958333  659.8   59.0   4.1   77.8   3.8 0.000
264.958333 265.000000  659.5   51.0   3.9   96.9   4.7 0.000
265.000000 265.041667  659.5   40.0   4.4   37.7   6.5 0.000
265.041667 265.083333  659.7   44.9   4.6   33.5   6.9 0.000
265.083333 265.125000  660.0   41.1   4.7   74.4   6.2 0.000
265.125000 265.166667  660.4   36.1   5.1  107.1   6.5 0.000
265.166667 265.208333  661.0   33.7   7.4   55.7   3.2 0.000
265.208333 265.250000  661.5   33.5   9.4  347.1   4.8 0.000
265.250000 265.291667  661.8   32.5  10.2  352.8   6.7 0.000
265.291667 265.333333  661.9   43.6  11.0  318.1   7.6 0.000
265.333333 265.375000  661.8   60.2  10.0  311.0   6.1 0.000
265.375000 265.416667  661.3   73.0   8.4  319.6   8.3 0.000
265.416667 265.458333  660.8   68.7   9.3  312.4   7.5 0.000
265.458333 265.500000  660.3   70.9   8.5  322.0   8.2 0.000
265.500000 265.541667  659.9   90.5   6.6  203.8   4.4 0.000
265.541667 265.583333  659.8   88.1   6.2  168.4   6.8 0.000
265.583333 265.625000  660.0   83.8   6.5  201.4   4.8 0.000
265.625000 265.666667  660.0   83.0   5.6  163.9   2.5 0.000
265.666667 265.708333  660.2   84.0   4.9  185.1   3.9 0.000
265.708333 265.750000  660.4   83.4   4.9  163.5   2.8 0.000
265.750000 265.791667  660.7   76.7   4.7  147.9   5.4 0.000
265.791667 265.833333  660.9   63.0   4.7  162.3   9.1 0.000
265.833333 265.875000  660.8   49.0   4.8  160.4  10.4 0.000
265.875000 265.916667  660.2   52.1   4.8  163.5  13.1 0.000
265.916667 265.958333  659.6   53.6   4.1  140.1  12.7 0.000
265.958333 266.000000  659.3   56.1   3.8  123.9  13.7 0.000
266.000000 266.041667  659.0   50.4   4.4  122.7  12.8 0.000
266.041667 266.083333  659.0   48.9   4.6  129.6  12.8 0.000
266.083333 266.125000  659.3   51.8   4.5  130.5  12.9 0.000
266.125000 266.166667  659.7   50.9   4.8  139.4  14.0 0.000
266.166667 266.208333  660.3   48.6   6.1  140.0  13.3 0.000
266.208333 266.250000  660.8   46.2   8.0  136.0   9.6 0.000
266.250000 266.291667  661.3   42.7   9.4   32.0   6.9 0.000
266.291667 266.333333  661.4   62.8  10.0  325.3   7.2 0.000
266.333333 266.375000  661.2   68.6   9.0  324.0   9.9 0.000
266.375000 266.416667  661.1   62.7   9.2  301.9   7.5 0.000
266.416667 266.458333  660.6   66.1   8.7  323.0  10.6 0.000
266.458333 266.500000  660.2   71.0   8.3  333.5   9.3 0.000
266.500000 266.541667  660.0   68.9   8.7  317.7   8.7 0.000
266.541667 266.583333  659.8   75.2   7.6  316.6   7.0 0.000
266.583333 266.625000  660.0   78.9   7.1  284.2   4.9 0.000
266.625000 266.666667  660.4   94.0   5.6  222.7   4.8 0.000
266.666667 266.708333  660.5   91.2   4.8  157.9   2.7 0.000
266.708333 266.750000  660.7   82.6   4.7  120.7   2.4 0.000
266.750000 266.791667  660.9   81.7   4.3  122.0   1.7 0.000
266.791667 266.833333  661.0   79.1   4.2  155.5   2.1 0.000
266.833333 266.875000  660.6   70.6   4.4  154.1   3.0 0.000
266.875000 266.916667  660.0   67.2   4.3  155.8   5.2 0.000
266.916667 266.958333  659.4   54.5   3.3  144.7   5.9 0.000
266.958333 267.000000  658.9   45.2   3.9  148.6  10.1 0.000
267.000000 267.041667  658.7   33.2   4.2  135.4   8.3 0.000
267.041667 267.083333  658.5   29.2   4.7  136.0  14.5 0.000
267.083333 267.125000  658.7   26.4   5.3  142.2  15.5 0.000
267.125000 267.166667  659.2   27.5   5.4  145.5  14.4 0.000
267.166667 267.208333  659.9   33.6   7.0  148.8  15.1 0.000
267.208333 267.250000  660.5   30.7   9.0   98.7   8.1 0.000
267.250000 267.291667  661.1   43.5  10.1   14.1   6.8 0.000
267.291667 267.333333  661.1   65.1  10.1  341.6  14.5 0.000
267.333333 267.375000  660.9   55.6  10.9  326.4  16.1 0.000
267.375000 267.416667  660.6   59.9  10.6  343.5  16.4 0.000
267.416667 267.458333  660.1   67.0   9.5  340.8  12.2 0.000
267.458333 267.500000  659.8   70.8   9.1  317.5   8.7 0.000
267.500000 267.541667  659.5   75.2   8.4  307.2   6.9 0.000
267.541667 267.583333  659.4   77.7   7.8  336.4   7.7 0.000
267.583333 267.625000  659.7   79.0   6.8  324.6   5.1 0.000
267.625000 267.666667  659.9   95.3   5.2  222.6   2.6 0.000
267.666667 267.708333  659.9   87.8   4.6  125.9   2.6 0.000
267.708333 267.750000  660.1   83.7   4.2  114.1   2.6 0.000
267.750000 267.791667  660.2   78.4   4.5  171.2   3.6 0.000
267.791667 267.833333  660.2   77.9   4.3  185.0   1.0 0.000
267.833333 267.875000  660.1   82.7   3.8  140.5   4.2 0.000
267.875000 267.916667  659.6   44.2   5.0   93.9   4.0 0.000
267.916667 267.958333  659.2   41.9   4.7   89.9   5.7 0.000
267.958333 268.000000  658.7   39.8   4.8   74.2   9.0 0.000
268.000000 268.041667  658.5   39.2   4.3   32.8  12.4 0.000
268.041667 268.083333  658.5   44.1   4.4   38.3  14.5 0.000
268.083333 268.125000  658.9   47.2   4.3   27.0  15.7 0.000
268.125000 268.166667  659.2   50.9   4.5   35.9  16.7 0.000
268.166667 268.208333  659.7   53.8   6.5   26.0  20.7 0.000
268.208333 268.250000  660.3   59.0   7.5   40.9  21.6 0.000
268.250000 268.291667  660.9   54.9   8.6   27.4  19.4 0.000
268.291667 268.333333  661.0   52.9   9.6   21.3  15.9 0.000
268.333333 268.375000  660.7   54.4  10.1    2.9  11.3 0.000
268.375000 268.416667  660.4   72.4   9.3  307.4   7.4 0.000
268.416667 268.458333  659.8   62.4   9.8  355.2  13.8 0.000
268.458333 268.500000  659.7   73.5   9.1  306.6   8.5 0.000
268.500000 268.541667  659.6   80.5   8.2  311.1   7.1 0.000
268.541667 268.583333  659.6   72.1   8.0  355.4   5.2 0.000
268.583333 268.625000  659.7   61.2   7.4   38.6   8.6 0.000
268.625000 268.666667  659.7   63.7   6.0  119.8   8.0 0.000
268.666667 268.708333  660.0   67.8   5.4  133.2  12.0 0.000
268.708333 268.750000  660.3   70.3   5.1  123.5  10.3 0.000
268.750000 268.791667  660.2   71.2   5.2  134.8  14.0 0.000
268.791667 268.833333  660.2   71.2   5.1  149.4  14.5 0.000
268.833333 268.875000  659.8   69.8   4.8  161.9  17.0 0.000
268.875000 268.916667  659.5   66.4   4.7  156.4  17.6 0.000
268.916667 268.958333  659.0   66.3   4.3  160.1  18.8 0.000
268.958333 269.000000  658.5   67.5   4.2  160.4  19.5 0.000
269.000000 269.041667  658.4   67.3   4.5  157.0  19.0 0.000
269.041667 269.083333  658.7   67.8   4.7  129.9  16.1 0.000
269.083333 269.125000  659.2   71.9   4.2  152.0  17.5 0.000
269.125000 269.166667  659.5   72.8   4.7  155.2  18.0 0.000
269.166667 269.208333  660.1   68.2   6.6  136.6  16.8 0.000
269.208333 269.250000  660.7   59.1   8.0   46.5  14.6 0.000
269.250000 269.291667  661.1   54.3   9.0   38.3  13.9 0.000
269.291667 269.333333  661.1   52.4  10.0   27.4  12.4 0.000
269.333333 269.375000  661.0   77.5   8.5  315.1   9.9 0.000
269.375000 269.416667  660.6   80.7   8.0  303.4   8.6 0.000
269.416667 269.458333  660.1   67.6   9.4  344.7  13.2 0.000
269.458333 269.500000  659.9   78.9   7.9  333.4  10.4 0.000
269.500000 269.541667  659.8   79.4   8.5  330.2   8.1 0.000
269.541667 269.583333  659.5   66.8   9.5  342.6  12.6 0.000
269.583333 269.625000  659.6   61.5   8.7  346.7   9.9 0.000
269.625000 269.666667  659.8   79.5   5.9  158.1   2.2 0.000
269.666667 269.708333  659.9   59.2   5.1  158.0   9.6 0.000
269.708333 269.750000  660.2   54.7   5.0  150.8   7.1 0.000
269.750000 269.791667  660.2   52.3   5.1  123.3   4.2 0.000
269.791667 269.833333  660.3   50.3   5.5  105.5   3.9 0.000
269.833333 269.875000  660.3   51.8   5.0   76.0   4.1 0.000
269.875000 269.916667  660.0   52.2   5.2  144.6   7.5 0.000
269.916667 269.958333  659.4   57.3   4.5  150.8  14.3 0.000
269.958333 270.000000  659.1   60.2   4.8  130.7  15.5 0.000
270.000000 270.041667  659.1   61.5   4.8  139.1  15.5 0.000
270.041667 270.083333  659.2   60.8   4.8  136.5  16.9 0.000
270.083333 270.125000  659.3   58.4   4.8  128.0  17.8 0.000
270.125000 270.166667  659.8   56.2   4.9  130.5  17.0 0.000
270.166667 270.208333  660.5   51.8   6.8  130.8  13.1 0.000
270.208333 270.250000  661.2   44.5   8.5   68.3   7.8 0.000
270.250000 270.291667  661.5   42.2   9.5   22.7  10.3 0.000
270.291667 270.333333  661.5   58.9  10.2  350.2  11.1 0.000
270.333333 270.375000  661.4   68.7   9.4  334.0  11.0 0.000
270.375000 270.416667  661.2   75.5   8.2  335.9  12.2 0.000
270.416667 270.458333  660.9   85.4   7.3  341.7   8.2 0.000
270.458333 270.500000  660.6   92.2   6.5  347.9   6.9 0.000
270.500000 270.541667  660.4   87.9   7.0  344.7   7.6 0.000
270.541667 270.583333  660.3   86.2   7.0  330.8   8.2 0.000
270.583333 270.625000  660.4   93.0   6.3  334.5   8.7 0.000
270.625000 270.666667  660.6   99.3   5.4  327.2   5.7 0.000
270.666667 270.708333  660.6   84.1   4.8  154.7   7.7 0.000
270.708333 270.750000  660.9   62.0   4.8  113.0   7.2 0.000
270.750000 270.791667  661.0   54.6   5.1   95.7   6.5 0.000
270.791667 270.833333  661.2   57.7   4.7   71.1   3.9 0.000
270.833333 270.875000  661.0   47.9   4.6  131.0   6.1 0.000
270.875000 270.916667  660.7   38.6   5.3  109.5   5.8 0.000
270.916667 270.958333  660.4   38.9   5.1   79.5   7.2 0.000
270.958333 271.000000  660.0   41.7   4.9  106.5   7.5 0.000
271.000000 271.041667  660.0   41.5   5.1   55.5   7.6 0.000
271.041667 271.083333  660.1   47.4   4.8   92.9   6.9 0.000
271.083333 271.125000  660.3   50.2   4.7   88.0   6.1 0.000
271.125000 271.166667  660.6   52.8   4.9   94.5   7.3 0.000
271.166667 271.208333  661.1   56.6   6.7   40.3   6.5 0.000
271.208333 271.250000  661.7   54.6   8.1   34.8  10.0 0.000
271.250000 271.291667  661.9   52.7   9.4   22.0   8.5 0.000
271.291667 271.333333  662.0   71.3   9.6  346.2   8.9 0.000
271.333333 271.375000  662.0   84.2   7.8  346.1   8.1 0.000
271.375000 271.416667  661.7   90.3   6.9  327.8   7.1 0.000
271.416667 271.458333  661.3   89.8   6.7  338.7   8.3 0.000
271.458333 271.500000  660.8   88.9   7.4  335.4   9.1 0.000
271.500000 271.541667  660.6   93.5   6.8  320.5   7.9 0.000
271.541667 271.583333  660.7  100.0   6.0  229.6   7.5 0.000
271.583333 271.625000  660.8  100.0   5.6  240.9   4.1 0.000
271.625000 271.666667  660.9   93.5   5.3  151.2   2.1 0.000
271.666667 271.708333  661.0   74.6   5.8  172.8   3.2 0.000
271.708333 271.750000  661.2   66.3   5.5  187.3   2.5 0.000
271.750000 271.791667  661.4   72.1   4.5  174.5   5.2 0.000
271.791667 271.833333  661.4   74.4   4.7  182.1   4.2 0.000
271.833333 271.875000  661.1   72.5   4.8  176.3   5.4 0.000
271.875000 271.916667  660.8   68.5   4.8  169.9   7.3 0.000
271.916667 271.958333  660.5   65.2   5.6  160.2   4.5 0.000
271.958333 272.000000  660.3   66.1   5.6  339.8   0.7 0.000
272.000000 272.041667  660.1   68.6   5.2  160.3   2.8 0.000
272.041667 272.083333  660.2   71.9   5.2  158.9   2.3 0.000
272.083333 272.125000  660.6   74.9   4.9  164.0   1.6 0.000
272.125000 272.166667  661.0   74.8   5.2 9999.9 999.9 0.000
272.166667 272.208333  661.4   67.1   7.6  346.2   2.5 0.000
272.208333 272.250000  661.7   64.4   8.8  341.9   5.7 0.000
272.250000 272.291667  661.7   72.7   9.1  351.0   8.9 0.000
272.291667 272.333333  661.7   76.1   9.0  351.7   9.5 0.000
272.333333 272.375000  661.4   73.4   9.5  342.3   9.4 0.000
272.375000 272.416667  660.8   75.8   9.5  342.7  12.8 0.000
272.416667 272.458333  660.4   78.2   9.2  333.5  11.6 0.000
272.458333 272.500000  660.1   87.9   8.2  340.7  12.6 0.000
272.500000 272.541667  659.9   94.9   7.2  343.6  10.9 0.000
272.541667 272.583333  659.7   99.5   6.5  343.5   9.1 0.000
272.583333 272.625000  659.8 9999.9   6.1  334.6   8.1 0.000
272.625000 272.666667  659.8 9999.9   5.5  356.8   3.1 0.000
272.666667 272.708333  659.8   86.6   5.2  158.7   4.1 0.000
272.708333 272.750000  660.0   95.8   4.0  159.9   2.2 0.000
272.750000 272.791667  660.0   78.2   4.4  166.6   4.0 0.000
272.791667 272.833333  660.3   80.3   4.5  144.2   2.6 0.000
272.833333 272.875000  660.2   79.3   4.6  174.9   3.2 0.000
272.875000 272.916667  659.8   77.3   4.5  162.2   2.5 0.000
272.916667 272.958333  659.4   73.2   4.5  124.7   2.5 0.000
272.958333 273.000000  659.0   76.7   4.7  159.1   2.7 0.000
273.000000 273.041667  659.1   77.0   4.8  127.3   1.6 0.000
273.041667 273.083333  659.4   85.5   4.3  151.8   0.9 0.000
273.083333 273.125000  659.5   86.5   4.3  156.9   4.6 0.000
273.125000 273.166667  659.8   79.8   5.2  127.0   2.3 0.000
273.166667 273.208333  660.2   71.7   7.3   67.2   1.4 0.000
