data/ebas/met/KE0001G.20060101000000.20100322000000.aws..met.5mo.1h.KE01L_MKN_aws...nas
60 1001
Klausen, Joerg; Aseyo, John; Thiong'o, Kennedy
KE01L, Kenya Meteorological Department, , , "Dagoretti Corner, Nairobi, Kenya", , , , 
Aseyo, Mr John; Klausen, Joerg
GAW-WDCRG sel_HTAP
1 1
2006 01 01 2010 03 22
0.041667
days from file reference point
7
1 1 1 1 1 1 1
999.999999 9999.9 9999.9 999.9 9999.9 999.9 9.999
end_time of measurement, days from the file reference point
pressure, hPa, Method ref=KE01L_barometer_pressure_sensor
relative_humidity, %, Method ref=KE01L_hygrometer
temperature, deg C, Method ref=KE01L_thermometer_element
wind_direction, deg, Method ref=KE01L_wind_vane
wind_speed, m/s, Method ref=KE01L_anemometer
numflag, no unit
0
39
Data definition:              EBAS_1.1
Set type code:                TU
Timezone:                     UTC
File name:                    KE0001G.20060101000000.20100322000000.aws..met.5mo.1h.KE01L_MKN_aws...nas
File creation:                20220608070152070000
Export state:                 20220608065414856000
Export filter:                exclude-900,exclude-invalid
Startdate:                    20060101000000
Revision date:                20100322000000
Statistics:                   arithmetic mean
Data level:                   
Period code:                  5mo
Resolution code:              1h
Station code:                 KE0001G
Platform code:                KE0001S
Station name:                 Mt. Kenya
Station WDCA-ID:              GAWAKE__MKN
Station GAW-ID:               MKN
Station GAW-Name:             Mt. Kenya
Station land use:             Grassland
Station setting:              Mountain
Station GAW type:             G
Station WMO region:           1
Station latitude:             -0.0622
Station longitude:            37.2972
Station altitude:             3678.0 m
Regime:                       IMG
Component:                    
Matrix:                       met
Laboratory code:              KE01L
Instrument type:              aws
Instrument name:              MKN_aws
Method ref:                   
Originator:                   Klausen, Joerg, , , , , , , , , 
Originator:                   Aseyo, John, , , , , , , , , 
Originator:                   Thiong'o, Kennedy, , , , , , , , , 
Submitter:                    Aseyo, Mr John, , , , , , , , , 
Submitter:                    Klausen, Joerg, , , , , , , , , 
starttime endtime P rH T wind_d wind_s flag
[from data line 2099]
 87.458333  87.500000  661.0   76.5   8.4 9999.9 999.9 0.000
 87.500000  87.541667  660.7   88.3   7.6 9999.9 999.9 0.000
 87.541667  87.583333  660.6   98.8   5.9 9999.9 999.9 0.000
 87.583333  87.625000  660.6   92.7   6.9 9999.9 999.9 0.000
 87.625000  87.666667  660.9   85.9   7.2 9999.9 999.9 0.000
 87.666667  87.708333  661.1   86.0   6.6 9999.9 999.9 0.000
 87.708333  87.750000  661.6   84.4   6.6 9999.9 999.9 0.000
 87.750000  87.791667  662.0   83.2   6.3 9999.9 999.9 0.000
 87.791667  87.833333  662.1   79.5   6.1 9999.9 999.9 0.000
 87.833333  87.875000  662.1   85.2   6.4 9999.9 999.9 0.000
 87.875000  87.916667  661.6   83.4   5.8 9999.9 999.9 0.000
 87.916667  87.958333  661.1   89.0   5.7 9999.9 999.9 0.000
 87.958333  88.000000  660.6   92.1   5.5 9999.9 999.9 0.000
 88.000000  88.041667  660.5   90.2   5.5 9999.9 999.9 0.000
 88.041667  88.083333  660.7   87.1   5.7 9999.9 999.9 0.000
 88.083333  88.125000  661.0   90.9   4.8 9999.9 999.9 0.000
 88.125000  88.166667  661.3   87.4   5.2 9999.9 999.9 0.000
 88.166667  88.208333  661.9   82.1   6.9  130.0   2.0 0.000
 88.208333  88.250000  662.4   73.2   9.4   21.2   3.7 0.000
 88.250000  88.291667  662.6   84.2   8.1  349.5   6.5 0.000
 88.291667  88.333333  662.8   92.2   8.1  347.4   4.5 0.000
 88.333333  88.375000  662.5   90.9   9.3  331.3   5.0 0.000
 88.375000  88.416667  662.0   94.2   8.6  278.4   4.5 0.000
 88.416667  88.458333  661.6   93.5   8.2  285.2   4.7 0.000
 88.458333  88.500000  661.0   87.4   9.2  238.5   5.0 0.000
 88.500000  88.541667  660.5   80.9  10.4  236.5   5.2 0.000
 88.541667  88.583333  660.2   87.5   9.1  287.1   3.8 0.000
 88.583333  88.625000  660.3   90.2   8.4  212.5   2.8 0.000
 88.625000  88.666667  660.5   92.7   7.5  203.0   3.7 0.000
 88.666667  88.708333  660.9   93.0   6.0  157.3   2.4 0.000
 88.708333  88.750000  661.3   88.1   5.8  156.0   1.6 0.000
 88.750000  88.791667  661.4   88.6   5.7  153.5   4.6 0.000
 88.791667  88.833333  661.3   80.1   6.2  136.9   9.2 0.000
 88.833333  88.875000  661.3   79.3   6.9  187.8   1.5 0.000
 88.875000  88.916667  660.9   86.1   6.4   94.9   1.8 0.000
 88.916667  88.958333  660.5   89.3   6.0   60.8   1.6 0.000
 88.958333  89.000000  660.2   96.8   5.5  114.9   4.7 0.000
 89.000000  89.041667  660.1   88.6   5.5  133.5   7.9 0.000
 89.041667  89.083333  659.9   79.8   4.9  125.4  18.5 0.000
 89.083333  89.125000  660.0   65.8   4.9  130.7  15.0 0.000
 89.125000  89.166667  660.1   52.1   4.9  134.0  12.6 0.000
 89.166667  89.208333  660.8   36.8   7.3  135.8   5.6 0.000
 89.208333  89.250000  661.4   35.6   9.5  132.0   7.5 0.000
 89.250000  89.291667  662.0   35.4  10.1  103.1   7.6 0.000
 89.291667  89.333333  662.3   59.9  10.4    5.9   7.3 0.000
 89.333333  89.375000  662.0   87.9   9.1  317.7   6.5 0.000
 89.375000  89.416667  661.6   88.7   8.9  240.4   3.7 0.000
 89.416667  89.458333  661.0   71.6  10.0  315.8  12.2 0.000
 89.458333  89.500000  660.7   59.6   9.3  332.0  11.0 0.000
 89.500000  89.541667  660.3   59.1  10.1  341.2  11.9 0.000
 89.541667  89.583333  660.0   65.2  10.3  329.4   8.8 0.000
 89.583333  89.625000  659.9   72.6  10.6  218.0   9.3 0.000
 89.625000  89.666667  660.2   88.2   7.4  222.6   4.2 0.000
 89.666667  89.708333  660.3   60.2   5.1  129.5   9.1 0.000
 89.708333  89.750000  660.7   33.3   5.6  123.5  10.5 0.000
 89.750000  89.791667  661.2   64.4   5.7  128.4  12.4 0.000
 89.791667  89.833333  661.5   74.4   6.0  130.6   9.9 0.000
 89.833333  89.875000  661.5   71.3   6.4  138.0   8.9 0.000
 89.875000  89.916667  661.0   78.6   5.6  124.7   9.6 0.000
 89.916667  89.958333  660.3   64.0   5.2  133.5  10.6 0.000
 89.958333  90.000000  659.7   34.4   6.0  162.3  16.9 0.000
 90.000000  90.041667  659.3   29.7   6.0  140.9  18.2 0.000
 90.041667  90.083333  659.2   29.7   5.4  129.0  17.3 0.000
 90.083333  90.125000  659.0   30.8   5.3  122.0  17.7 0.000
 90.125000  90.166667  659.6   32.2   5.8  190.2   2.8 0.000
 90.166667  90.208333  660.1   46.7   6.9  232.0   0.9 0.000
 90.208333  90.250000  660.7   50.7   8.8  271.1   3.5 0.000
 90.250000  90.291667  661.1   75.2   8.2  329.0   7.7 0.000
 90.291667  90.333333  661.4   84.5   8.7  313.7   6.6 0.000
 90.333333  90.375000  661.5   78.4   9.3  305.1   7.7 0.000
 90.375000  90.416667  661.2   77.5   8.9  324.9  10.8 0.000
 90.416667  90.458333  660.8   76.3   9.1  339.9   8.7 0.000
 90.458333  90.500000  660.1   75.2   9.4  316.4   5.3 0.000
 90.500000  90.541667  659.7   93.7   7.1  255.0   1.8 0.000
 90.541667  90.583333  659.5   98.2   7.1  330.3   1.3 0.000
 90.583333  90.625000  659.5   90.5   6.8  135.3   0.1 0.000
 90.625000  90.666667  659.8   88.7   6.7   87.4   1.4 0.000
 90.666667  90.708333  659.9   79.4   6.6  137.4   1.7 0.000
 90.708333  90.750000  660.4   76.2   6.0  128.2   2.4 0.000
 90.750000  90.791667  660.9   76.6   5.7  132.9   1.6 0.000
 90.791667  90.833333  661.2   62.5   5.1  143.8   1.7 0.000
 90.833333  90.875000  661.2   75.7   5.1  145.2   3.2 0.000
 90.875000  90.916667  660.4   74.6   5.2  125.9   5.7 0.000
 90.916667  90.958333  660.0   71.3   5.5   46.6   2.6 0.000
 90.958333  91.000000  659.7   79.4   4.6  113.1   3.7 0.000
 91.000000  91.041667  659.4   78.3   4.3  166.5   6.7 0.000
 91.041667  91.083333  659.4   77.0   4.2  143.8   5.3 0.000
 91.083333  91.125000  659.6   73.9   4.9  178.4   4.2 0.000
 91.125000  91.166667  659.8   75.7   4.8  161.5   4.4 0.000
 91.166667  91.208333  660.2   71.3   6.9   46.0   2.7 0.000
 91.208333  91.250000  660.7   67.6   8.5   31.9  10.9 0.000
 91.250000  91.291667  661.0   61.2  10.1   35.3   8.8 0.000
 91.291667  91.333333  661.2   74.3   9.8  348.5  12.1 0.000
 91.333333  91.375000  661.2   89.7   8.3  340.0  14.0 0.000
 91.375000  91.416667  660.8   91.9   8.2  351.5  14.0 0.000
 91.416667  91.458333  660.4   99.2   6.2   27.7   0.5 0.000
 91.458333  91.500000  659.7   95.5   6.1  152.7   3.5 0.000
 91.500000  91.541667  659.1   85.0   7.2  141.3   8.3 0.000
 91.541667  91.583333  659.0   87.3   7.6  240.6   1.3 0.000
 91.583333  91.625000  659.1   77.1   8.5  274.7   1.6 0.000
 91.625000  91.666667  659.5   87.6   6.3  184.2   0.8 0.000
 91.666667  91.708333  659.8   87.4   5.3  145.4   4.4 0.000
 91.708333  91.750000  660.3   85.8   5.5  183.1   5.6 0.000
 91.750000  91.791667  660.8   80.5   5.9  194.7   3.2 0.000
 91.791667  91.833333  661.3   85.1   5.3  195.5   1.6 0.000
 91.833333  91.875000  661.2   87.6   5.2  175.4   1.6 0.000
 91.875000  91.916667  660.5   87.6   5.0  135.8   4.5 0.000
 91.916667  91.958333  660.0   82.2   5.5  172.3   3.2 0.000
 91.958333  92.000000  659.6   83.5   5.7  191.2   1.4 0.000
 92.000000  92.041667  659.5   82.6   5.7  114.4   0.2 0.000
 92.041667  92.083333  659.6   80.9   5.9  159.9   4.0 0.000
 92.083333  92.125000  659.6   77.8   6.1  149.9   0.3 0.000
 92.125000  92.166667  659.7   81.5   5.5  185.6   0.9 0.000
 92.166667  92.208333  660.0   75.6   7.4  341.7   0.2 0.000
 92.208333  92.250000  660.5   71.6   8.9  286.2   2.1 0.000
 92.250000  92.291667  660.8   82.6   8.7  347.9   4.4 0.000
 92.291667  92.333333  661.0   94.0   7.9  353.1   6.5 0.000
 92.333333  92.375000  660.9   95.8   6.5   41.0   6.7 0.000
 92.375000  92.416667  660.4   96.1   7.0  356.9   2.9 0.000
 92.416667  92.458333  659.8   97.9   6.8  198.7   1.6 0.000
 92.458333  92.500000  659.0   90.6   7.7  176.8   4.8 0.000
 92.500000  92.541667  658.5   93.1   9.3  283.6   3.8 0.000
 92.541667  92.583333  658.6   96.0   7.7  296.6   4.0 0.000
 92.583333  92.625000  659.1   92.7   6.3  163.0   4.3 0.000
 92.625000  92.666667  659.4   83.6   7.2  139.8   3.6 0.000
 92.666667  92.708333  659.8   81.9   7.1  138.9   1.8 0.000
 92.708333  92.750000  660.0   86.1   6.7  118.2   2.7 0.000
 92.750000  92.791667  660.2   82.0   6.7  104.9   2.2 0.000
 92.791667  92.833333  660.4   85.6   5.9  147.2   3.1 0.000
 92.833333  92.875000  660.3   91.1   5.1   42.4   1.2 0.000
 92.875000  92.916667  659.7   89.5   5.3  116.7   4.2 0.000
 92.916667  92.958333  659.0   83.8   6.1  176.9   2.7 0.000
 92.958333  93.000000  658.8   89.5   5.8  350.0   0.8 0.000
 93.000000  93.041667  658.8   92.8   5.3  137.0   6.9 0.000
 93.041667  93.083333  658.9   88.8   5.4  124.6   5.6 0.000
 93.083333  93.125000  658.6   89.1   5.1  129.8  16.2 0.000
 93.125000  93.166667  659.0   85.4   6.4  149.5   7.2 0.000
 93.166667  93.208333  659.3   89.0   6.4  134.2   2.2 0.000
 93.208333  93.250000  659.8   83.1   8.4  328.9   1.8 0.000
 93.250000  93.291667  660.0   87.9   9.1  294.7   3.3 0.000
 93.291667  93.333333  660.1   95.5   7.7  316.7   4.8 0.000
 93.333333  93.375000  659.9   99.2   7.4  311.9   3.2 0.000
 93.375000  93.416667  659.7  100.0   7.0  325.5   6.0 0.000
 93.416667  93.458333 9999.9 9999.9 999.9 9999.9 999.9 0.999
 93.458333  93.500000 9999.9 9999.9 999.9 9999.9 999.9 0.999
 93.500000  93.541667 9999.9 9999.9 999.9 9999.9 999.9 0.999
 93.541667  93.583333 9999.9 9999.9 999.9 9999.9 999.9 0.999
 93.583333  93.625000 9999.9 9999.9 999.9 9999.9 999.9 0.999
 93.625000  93.666667 9999.9 9999.9 999.9 9999.9 999.9 0.999
 93.666667  93.708333 9999.9 9999.9 999.9 9999.9 999.9 0.999
 93.708333  93.750000 9999.9 9999.9 999.9 9999.9 999.9 0.999
 93.750000  93.791667 9999.9 9999.9 999.9 9999.9 999.9 0.999
 93.791667  93.833333 9999.9 9999.9 999.9 9999.9 999.9 0.999
 93.833333  93.875000 9999.9 9999.9 999.9 9999.9 999.9 0.999
 93.875000  93.916667 9999.9 9999.9 999.9 9999.9 999.9 0.999
 93.916667  93.958333 9999.9 9999.9 999.9 9999.9 999.9 0.999
 93.958333  94.000000  658.0   76.5   6.1  168.0   4.0 0.000
 94.000000  94.041667  658.0   74.4   6.6  124.6   1.6 0.000
 94.041667  94.083333  658.4   85.0   5.9  125.6   3.5 0.000
 94.083333  94.125000  658.7   85.1   5.6  153.7   8.7 0.000
 94.125000  94.166667  659.0   89.2   5.0  172.5   2.3 0.000
 94.166667  94.208333  659.6 9999.9   4.9  198.6   2.1 0.000
 94.208333  94.250000  659.8   98.0   5.3  190.8   4.9 0.000
 94.250000  94.291667  660.1   99.6   6.5  222.3   5.5 0.000
 94.291667  94.333333  660.2   96.5   7.7  267.7   3.3 0.000
 94.333333  94.375000  660.0   99.4   6.8  273.6   3.4 0.000
 94.375000  94.416667  659.7 9999.9   6.8  262.0   3.1 0.000
 94.416667  94.458333  659.2 9999.9   7.2  289.2   3.2 0.000
 94.458333  94.500000  658.8 9999.9   7.3  312.2   3.7 0.000
 94.500000  94.541667  658.7 9999.9   7.2  248.0   2.3 0.000
 94.541667  94.583333  658.7 9999.9   7.3  241.6   4.9 0.000
 94.583333  94.625000  658.9 9999.9   7.1  218.7   6.2 0.000
 94.625000  94.666667  659.2 9999.9   6.8  213.4   4.0 0.000
 94.666667  94.708333  659.6 9999.9   6.7  236.3   1.7 0.000
 94.708333  94.750000  660.2 9999.9   6.1   42.8   3.1 0.000
 94.750000  94.791667  660.6 9999.9   6.0  144.9   1.6 0.000
 94.791667  94.833333  660.8 9999.9   5.9  157.5   0.6 0.000
 94.833333  94.875000  660.6   99.0   6.0  121.2   1.9 0.000
 94.875000  94.916667  660.2   96.6   5.9   91.3   2.3 0.000
 94.916667  94.958333  659.5   97.1   5.6  102.1   1.1 0.000
 94.958333  95.000000  659.2   98.2   5.3   37.4   0.6 0.000
 95.000000  95.041667  659.0   99.7   5.6  149.0   0.9 0.000
 95.041667  95.083333  659.2  100.0   5.5  277.9   0.8 0.000
 95.083333  95.125000  659.5 9999.9   5.5  332.6   1.4 0.000
 95.125000  95.166667  660.0   99.4   5.4  130.6   2.1 0.000
 95.166667  95.208333  660.5   98.8   6.1  277.4   0.2 0.000
 95.208333  95.250000  661.0 9999.9   5.6  340.3   4.2 0.000
 95.250000  95.291667  661.4 9999.9   5.7  346.1   3.0 0.000
 95.291667  95.333333  661.3 9999.9   6.0    1.5   4.9 0.000
 95.333333  95.375000  661.0   99.1   7.1  351.5   6.0 0.000
 95.375000  95.416667  660.4  100.0   6.3  345.7   6.2 0.000
 95.416667  95.458333  659.9 9999.9   6.3  351.9   4.3 0.000
 95.458333  95.500000  659.4   95.8   7.7    3.8   5.0 0.000
 95.500000  95.541667  659.2   98.2   7.6   11.8   4.0 0.000
 95.541667  95.583333  659.1   97.1   8.1  354.3   4.3 0.000
 95.583333  95.625000  659.3   93.4   7.8   18.0   5.6 0.000
 95.625000  95.666667  659.8   86.0   7.4   38.2   4.5 0.000
 95.666667  95.708333  660.1   96.2   6.0   23.3   4.2 0.000
 95.708333  95.750000  660.6   95.1   6.2   38.2   5.6 0.000
 95.750000  95.791667  661.1   98.8   6.1   32.4   5.8 0.000
 95.791667  95.833333  661.2   95.6   5.6  149.4   9.7 0.000
 95.833333  95.875000  661.3   95.4   6.0   50.6   5.1 0.000
 95.875000  95.916667  660.8   98.5   5.8   35.8   7.1 0.000
 95.916667  95.958333  660.0  100.0   5.5   49.2   6.2 0.000
 95.958333  96.000000  659.6   94.6   5.5   67.9   3.9 0.000
 96.000000  96.041667  659.4   93.1   5.5   48.4   4.4 0.000
 96.041667  96.083333  659.4   89.6   5.4   78.3   3.4 0.000
 96.083333  96.125000  659.5   88.5   4.9  117.1   6.6 0.000
 96.125000  96.166667  659.8   87.5   5.1   47.8   3.5 0.000
 96.166667  96.208333  660.3   78.4   6.9   76.7   3.6 0.000
 96.208333  96.250000  660.7   80.5   8.1    5.2   7.7 0.000
 96.250000  96.291667  661.1   83.8   8.7  355.7   9.2 0.000
 96.291667  96.333333  661.3   94.8   8.2  345.1   9.6 0.000
 96.333333  96.375000  660.9   93.2   8.6  351.6  10.9 0.000
 96.375000  96.416667  660.2   95.7   8.5  354.0  15.5 0.000
 96.416667  96.458333  659.5   97.5   7.4    8.4  13.8 0.000
 96.458333  96.500000  659.0   94.0   7.8    3.5  11.5 0.000
 96.500000  96.541667  658.5   89.7   7.8   26.5   2.6 0.000
 96.541667  96.583333  658.2   93.0   8.4    8.6   4.1 0.000
 96.583333  96.625000  658.4   93.1   7.7  116.2   4.8 0.000
 96.625000  96.666667  659.0   99.0   6.7  209.6   1.9 0.000
 96.666667  96.708333  659.5   98.5   6.1  206.0   0.9 0.000
 96.708333  96.750000  659.9   94.9   6.2  144.6   2.5 0.000
 96.750000  96.791667  660.4   97.1   5.7  104.5   3.3 0.000
 96.791667  96.833333  660.6   90.8   6.0  106.4   4.2 0.000
 96.833333  96.875000  660.4   90.1   6.1  135.4   8.5 0.000
 96.875000  96.916667  659.9   90.5   5.9  118.0   6.9 0.000
 96.916667  96.958333  659.3   89.2   5.2  155.0   8.6 0.000
 96.958333  97.000000  659.1   92.1   4.2  138.9  10.0 0.000
 97.000000  97.041667  659.2   94.3   3.3  119.0  10.5 0.000
 97.041667  97.083333  659.2   94.1   3.6  141.1  12.3 0.000
 97.083333  97.125000  659.3   94.3   3.7  142.2  14.3 0.000
 97.125000  97.166667  659.1   87.0   5.1  146.5  13.5 0.000
 97.166667  97.208333  659.5   84.9   6.4  150.6   9.2 0.000
 97.208333  97.250000  660.0   81.5   8.1   94.8   4.9 0.000
 97.250000  97.291667  660.5   84.2   9.0    1.5   7.7 0.000
 97.291667  97.333333  660.8   93.9   8.4  350.8   5.8 0.000
 97.333333  97.375000  660.6   97.7   7.5  323.0   6.2 0.000
 97.375000  97.416667  660.0   98.8   7.4  238.6   2.8 0.000
 97.416667  97.458333  659.3   97.7   7.5  301.6   3.0 0.000
 97.458333  97.500000  658.5   98.2   6.7  233.8   1.6 0.000
 97.500000  97.541667  658.1   99.3   7.2  297.3   0.8 0.000
 97.541667  97.583333  657.9   99.2   7.8  322.5   2.1 0.000
 97.583333  97.625000  658.0   94.3   7.3  117.7   2.7 0.000
 97.625000  97.666667  658.4   96.6   6.6  144.4   4.2 0.000
 97.666667  97.708333  658.8   91.7   6.2  145.3   5.9 0.000
 97.708333  97.750000  659.2   88.0   6.1  173.7   3.1 0.000
 97.750000  97.791667  659.7   92.5   6.0   59.7   1.5 0.000
 97.791667  97.833333  660.0   87.3   5.5  126.1   3.5 0.000
 97.833333  97.875000  659.6   84.7   6.0  142.4  14.9 0.000
 97.875000  97.916667  659.1   87.3   5.7  159.4   3.7 0.000
 97.916667  97.958333  658.5  100.0   4.7   47.1   5.0 0.000
 97.958333  98.000000  658.2  100.0   5.1   38.0   6.5 0.000
 98.000000  98.041667  657.8   94.6   5.2  142.6   7.2 0.000
 98.041667  98.083333  657.7   94.3   5.2  142.5  12.1 0.000
 98.083333  98.125000  657.9   97.9   5.1  141.4  13.8 0.000
 98.125000  98.166667  658.2   91.4   5.1  149.4  18.3 0.000
 98.166667  98.208333  658.8   87.5   6.2  136.9  14.0 0.000
 98.208333  98.250000  659.5   82.9   8.3  163.3   1.4 0.000
 98.250000  98.291667  660.1   81.7   9.8    9.3   3.2 0.000
 98.291667  98.333333  660.2   93.7   8.3  334.8   6.1 0.000
