data/ebas/co/KE0001G.20020531230000.20100323000000.ndir.carbon_monoxide.air.7mo.1h.CH01L_TEI-48C_TL_MKN.CH01L_ndir..nas
57 1001
Henne, Stefan; Aseyo, John; Thiong'o, Kennedy
CH01L, Swiss Federal Laboratories for Materials Science and Technology, EMPA, Section Air Pollution, Überlandstrasse 133, , 8600, Dübendorf, Switzerland
Henne, Stefan; Klausen, Joerg
Independent sel_HTAP
1 1
2002 01 01 2010 03 23
0.041667
days from file reference point
4
1 1 1 1
999.999999 9999.99 999.99 9.999
end_time of measurement, days from the file reference point
carbon_monoxide, nmol/mol, Statistics=arithmetic mean
carbon_monoxide, nmol/mol, Statistics=stddev
numflag, no unit
0
39
Data definition:              EBAS_1.1
Set type code:                TU
Timezone:                     UTC
File name:                    KE0001G.20020531230000.20100323000000.ndir.carbon_monoxide.air.7mo.1h.CH01L_TEI-48C_TL_MKN.CH01L_ndir..nas
File creation:                20220610064446426000
Export state:                 20220610064431313000
Export filter:                exclude-900,exclude-invalid
Startdate:                    20020531230000
Revision date:                20100323000000
Data level:                   
Period code:                  7mo
Resolution code:              1h
Station code:                 KE0001G
Platform code:                KE0001S
Station name:                 Mt. Kenya
Station WDCA-ID:              GAWAKE__MKN
Station GAW-ID:               MKN
Station GAW-Name:             Mt. Kenya
Station land use:             Grassland
Station setting:              Mountain
Station GAW type:             G
Station WMO region:           1
Station latitude:             -0.0622
Station longitude:            37.2972
Station altitude:             3678.0 m
Regime:                       IMG
Component:                    carbon_monoxide
Unit:                         nmol/mol
Matrix:                       air
Laboratory code:              CH01L
Instrument type:              ndir
Instrument name:              TEI-48C_TL_MKN
Method ref:                   CH01L_ndir
Originator:                   Henne, Stefan, , , , , , , , , 
Originator:                   Aseyo, John, , , , , , , , , 
Originator:                   Thiong'o, Kennedy, , , , , , , , , 
Submitter:                    Henne, Stefan, , , , , , , , , 
Submitter:                    Klausen, Joerg, , , , , , , , , 
starttime endtime CO CO flag
[from data line 2233]
244.000000 244.041667   87.77  15.00 0.000
244.041667 244.083333   87.55  16.14 0.000
244.083333 244.125000   86.61  15.05 0.000
244.125000 244.166667   86.23  15.78 0.000
244.166667 244.208333   90.08  15.15 0.000
244.208333 244.250000   71.47  15.47 0.000
244.250000 244.291667   80.98  14.73 0.000
244.291667 244.333333   97.21  16.10 0.000
244.333333 244.375000  100.41  16.00 0.000
244.375000 244.416667  101.31  17.32 0.000
244.416667 244.458333   96.32  15.62 0.000
244.458333 244.500000  107.34  17.22 0.000
244.500000 244.541667  109.57  16.71 0.000
244.541667 244.583333  101.40  16.38 0.000
244.583333 244.625000  109.47  16.73 0.000
244.625000 244.666667  112.39  17.61 0.000
244.666667 244.708333  100.38  16.05 0.000
244.708333 244.750000  100.37  16.90 0.000
244.750000 244.791667   92.45  15.35 0.000
244.791667 244.833333   83.62  15.28 0.000
244.833333 244.875000   92.68  15.36 0.000
244.875000 244.916667   90.07  15.83 0.000
244.916667 244.958333   88.65  15.02 0.000
244.958333 245.000000   89.08  16.21 0.000
245.000000 245.041667   91.98  15.30 0.000
245.041667 245.083333   57.55  14.62 0.000
245.083333 245.125000   64.94  13.71 0.000
245.125000 245.166667   74.32  14.88 0.000
245.166667 245.208333   89.87  15.16 0.000
245.208333 245.250000   80.21  15.15 0.000
245.250000 245.291667   88.87  15.27 0.000
245.291667 245.333333 9999.99 999.99 0.999
245.333333 245.375000 9999.99 999.99 0.999
245.375000 245.416667 9999.99 999.99 0.999
245.416667 245.458333 9999.99 999.99 0.999
245.458333 245.500000 9999.99 999.99 0.999
245.500000 245.541667 9999.99 999.99 0.999
245.541667 245.583333 9999.99 999.99 0.999
245.583333 245.625000 9999.99 999.99 0.999
245.625000 245.666667  118.10  18.37 0.000
245.666667 245.708333  115.27  18.00 0.000
245.708333 245.750000  100.13  17.39 0.000
245.750000 245.791667  101.60  16.27 0.000
245.791667 245.833333   88.90  15.93 0.000
245.833333 245.875000   96.74  15.82 0.000
245.875000 245.916667   88.19  17.05 0.000
245.916667 245.958333   90.37  15.16 0.000
245.958333 246.000000   80.02  15.58 0.000
246.000000 246.041667   83.79  15.05 0.000
246.041667 246.083333   83.13  15.49 0.000
246.083333 246.125000   83.73  14.70 0.000
246.125000 246.166667   90.52  15.89 0.000
246.166667 246.208333  101.21  16.20 0.000
246.208333 246.250000   77.09  15.47 0.000
246.250000 246.291667   93.62  15.54 0.000
246.291667 246.333333  121.22  19.01 0.000
246.333333 246.375000  127.41  18.28 0.000
246.375000 246.416667   98.71  16.99 0.000
246.416667 246.458333   97.92  15.74 0.000
246.458333 246.500000   94.24  16.25 0.000
246.500000 246.541667  100.72  16.20 0.000
246.541667 246.583333   95.99  16.55 0.000
246.583333 246.625000   97.34  15.89 0.000
246.625000 246.666667  104.98  17.61 0.000
246.666667 246.708333  110.16  16.89 0.000
246.708333 246.750000   84.65  16.10 0.000
246.750000 246.791667   93.94  15.97 0.000
246.791667 246.833333   94.02  16.40 0.000
246.833333 246.875000   92.46  15.43 0.000
246.875000 246.916667   95.78  16.51 0.000
246.916667 246.958333  102.72  16.35 0.000
246.958333 247.000000   99.08  17.49 0.000
247.000000 247.041667   96.42  15.97 0.000
247.041667 247.083333   76.43  15.31 0.000
247.083333 247.125000   83.16  14.73 0.000
247.125000 247.166667   94.14  16.55 0.000
247.166667 247.208333   99.34  16.09 0.000
247.208333 247.250000   88.49  15.43 0.000
247.250000 247.291667   96.95  16.09 0.000
247.291667 247.333333  107.38  17.98 0.000
247.333333 247.375000  114.96  17.53 0.000
247.375000 247.416667  106.43  17.95 0.000
247.416667 247.458333  120.53  17.88 0.000
247.458333 247.500000  117.79  19.21 0.000
247.500000 247.541667  113.86  17.53 0.000
247.541667 247.583333  103.57  17.82 0.000
247.583333 247.625000  108.07  16.79 0.000
247.625000 247.666667  114.73  17.72 0.000
247.666667 247.708333  122.53  18.13 0.000
247.708333 247.750000  104.28  17.33 0.000
247.750000 247.791667  103.79  16.40 0.000
247.791667 247.833333   88.89  16.02 0.000
247.833333 247.875000   95.45  15.88 0.000
247.875000 247.916667   89.13  17.07 0.000
247.916667 247.958333   90.00  15.48 0.000
247.958333 248.000000   86.04  15.82 0.000
248.000000 248.041667   85.46  15.17 0.000
248.041667 248.083333   86.25  15.99 0.000
248.083333 248.125000   79.20  14.68 0.000
248.125000 248.166667   79.69  16.32 0.000
248.166667 248.208333   91.97  15.78 0.000
248.208333 248.250000   92.28  17.06 0.000
248.250000 248.291667   97.02  16.23 0.000
248.291667 248.333333  103.34  17.10 0.000
248.333333 248.375000  123.22  18.23 0.000
248.375000 248.416667  115.04  18.78 0.000
248.416667 248.458333  128.79  18.50 0.000
248.458333 248.500000  100.03  17.12 0.000
248.500000 248.541667  113.29  17.37 0.000
248.541667 248.583333  117.62  18.26 0.000
248.583333 248.625000  116.99  17.50 0.000
248.625000 248.666667  121.48  18.40 0.000
248.666667 248.708333  115.40  17.08 0.000
248.708333 248.750000   97.07  16.54 0.000
248.750000 248.791667  112.92  17.39 0.000
248.791667 248.833333  113.94  17.66 0.000
248.833333 248.875000  112.29  17.07 0.000
248.875000 248.916667   91.81  15.77 0.000
248.916667 248.958333   96.25  15.62 0.000
248.958333 249.000000  102.22  16.65 0.000
249.000000 249.041667  107.53  16.52 0.000
249.041667 249.083333  109.60  17.68 0.000
249.083333 249.125000  106.52  16.50 0.000
249.125000 249.166667   93.07  16.12 0.000
249.166667 249.208333   98.85  15.78 0.000
249.208333 249.250000  108.51  17.31 0.000
249.250000 249.291667  115.04  17.14 0.000
249.291667 249.333333  103.31  16.83 0.000
249.333333 249.375000  112.24  17.01 0.000
249.375000 249.416667  115.97  17.74 0.000
249.416667 249.458333  105.43  16.31 0.000
249.458333 249.500000  116.12  17.68 0.000
249.500000 249.541667  116.47  17.27 0.000
249.541667 249.583333  108.11  17.07 0.000
249.583333 249.625000  121.00  17.78 0.000
249.625000 249.666667  103.37  16.77 0.000
249.666667 249.708333  110.00  16.74 0.000
249.708333 249.750000  110.70  17.27 0.000
249.750000 249.791667  107.24  16.48 0.000
249.791667 249.833333   82.27  15.29 0.000
249.833333 249.875000   81.24  14.74 0.000
249.875000 249.916667   79.01  14.91 0.000
249.916667 249.958333   73.57  13.95 0.000
249.958333 250.000000   72.20  14.71 0.000
250.000000 250.041667   74.87  14.08 0.000
250.041667 250.083333   79.33  14.90 0.000
250.083333 250.125000   88.96  15.23 0.000
250.125000 250.166667   67.03  15.00 0.000
250.166667 250.208333   85.02  14.81 0.000
250.208333 250.250000   84.20  15.25 0.000
250.250000 250.291667   93.30  15.40 0.000
250.291667 250.333333   84.97  16.04 0.000
250.333333 250.375000   94.91  15.61 0.000
250.375000 250.416667  113.50  17.66 0.000
250.416667 250.458333  108.47  16.66 0.000
250.458333 250.500000   97.95  16.66 0.000
250.500000 250.541667   93.71  15.40 0.000
250.541667 250.583333   71.56  14.56 0.000
250.583333 250.625000   83.94  14.82 0.000
250.625000 250.666667   86.38  15.91 0.000
250.666667 250.708333   74.52  14.04 0.000
250.708333 250.750000   72.43  14.37 0.000
250.750000 250.791667   74.62  14.07 0.000
250.791667 250.833333   67.43  14.12 0.000
250.833333 250.875000   62.97  13.47 0.000
250.875000 250.916667   63.24  13.85 0.000
250.916667 250.958333   68.51  13.67 0.000
250.958333 251.000000   55.24  14.15 0.000
251.000000 251.041667   61.04  13.23 0.000
251.041667 251.083333   57.06  14.55 0.000
251.083333 251.125000   57.39  13.08 0.000
251.125000 251.166667   61.07  13.74 0.000
251.166667 251.208333   74.14  13.98 0.000
251.208333 251.250000   59.62  13.73 0.000
251.250000 251.291667   68.91  13.69 0.000
251.291667 251.333333   88.61  16.22 0.000
251.333333 251.375000   74.79  14.17 0.000
251.375000 251.416667   85.73  15.27 0.000
251.416667 251.458333   99.89  15.88 0.000
251.458333 251.500000  108.95  17.15 0.000
251.500000 251.541667   99.75  15.82 0.000
251.541667 251.583333  104.80  17.29 0.000
251.583333 251.625000  105.07  16.22 0.000
251.625000 251.666667   98.76  16.72 0.000
251.666667 251.708333  100.67  16.05 0.000
251.708333 251.750000   92.68  15.79 0.000
251.750000 251.791667   87.91  15.10 0.000
251.791667 251.833333   86.27  15.35 0.000
251.833333 251.875000   81.21  14.56 0.000
251.875000 251.916667   69.26  14.29 0.000
251.916667 251.958333   82.99  14.68 0.000
251.958333 252.000000   75.51  14.74 0.000
252.000000 252.041667   77.37  14.23 0.000
252.041667 252.083333   71.52  14.48 0.000
252.083333 252.125000   76.86  14.25 0.000
252.125000 252.166667   83.16  15.64 0.000
252.166667 252.208333   88.83  15.05 0.000
252.208333 252.250000   84.07  15.64 0.000
252.250000 252.291667   81.47  14.66 0.000
252.291667 252.333333  107.80  17.05 0.000
252.333333 252.375000  106.87  16.44 0.000
252.375000 252.416667  111.82  18.26 0.000
252.416667 252.458333  115.49  17.17 0.000
252.458333 252.500000  107.27  17.02 0.000
252.500000 252.541667  107.71  16.56 0.000
252.541667 252.583333   97.72  16.31 0.000
252.583333 252.625000  109.00  16.64 0.000
252.625000 252.666667  111.79  17.33 0.000
252.666667 252.708333  112.31  16.90 0.000
252.708333 252.750000   92.89  16.17 0.000
252.750000 252.791667  101.12  16.02 0.000
252.791667 252.833333   91.73  15.84 0.000
252.833333 252.875000  104.00  16.24 0.000
252.875000 252.916667   86.84  15.46 0.000
252.916667 252.958333   77.06  14.22 0.000
252.958333 253.000000   76.33  14.66 0.000
253.000000 253.041667   85.25  14.79 0.000
253.041667 253.083333   92.20  16.43 0.000
253.083333 253.125000   87.92  15.05 0.000
253.125000 253.166667   92.95  16.56 0.000
253.166667 253.208333  101.84  16.05 0.000
253.208333 253.250000   71.76  16.06 0.000
253.250000 253.291667   90.42  15.41 0.000
253.291667 253.333333   96.10  16.05 0.000
253.333333 253.375000   99.28  15.84 0.000
253.375000 253.416667  102.22  16.54 0.000
253.416667 253.458333  102.86  16.15 0.000
253.458333 253.500000   97.46  16.25 0.000
253.500000 253.541667   95.49  15.61 0.000
253.541667 253.583333  100.21  16.32 0.000
253.583333 253.625000  110.62  16.75 0.000
253.625000 253.666667   92.75  16.07 0.000
253.666667 253.708333  105.83  16.43 0.000
253.708333 253.750000  130.61  19.13 0.000
253.750000 253.791667  107.54  16.55 0.000
253.791667 253.833333  111.33  17.27 0.000
253.833333 253.875000  104.26  16.23 0.000
253.875000 253.916667   70.81  14.58 0.000
253.916667 253.958333   80.02  14.41 0.000
253.958333 254.000000  105.72  17.01 0.000
254.000000 254.041667   90.81  15.20 0.000
254.041667 254.083333   62.80  13.86 0.000
254.083333 254.125000   74.83  14.10 0.000
254.125000 254.166667 9999.99 999.99 0.999
254.166667 254.208333 9999.99 999.99 0.999
254.208333 254.250000 9999.99 999.99 0.999
254.250000 254.291667 9999.99 999.99 0.999
254.291667 254.333333 9999.99 999.99 0.999
254.333333 254.375000 9999.99 999.99 0.999
254.375000 254.416667 9999.99 999.99 0.999
254.416667 254.458333 9999.99 999.99 0.999
254.458333 254.500000 9999.99 999.99 0.999
254.500000 254.541667 9999.99 999.99 0.999
254.541667 254.583333 9999.99 999.99 0.999
254.583333 254.625000 9999.99 999.99 0.999
254.625000 254.666667 9999.99 999.99 0.999
254.666667 254.708333 9999.99 999.99 0.999
254.708333 254.750000 9999.99 999.99 0.999
254.750000 254.791667 9999.99 999.99 0.999
254.791667 254.833333   96.25  18.05 0.000
254.833333 254.875000  104.28  16.27 0.000
254.875000 254.916667  125.49  18.36 0.000
254.916667 254.958333  112.52  17.10 0.000
254.958333 255.000000  104.92  16.74 0.000
255.000000 255.041667   99.31  15.81 0.000
255.041667 255.083333   98.00  16.11 0.000
255.083333 255.125000   94.68  15.55 0.000
255.125000 255.166667   98.78  16.45 0.000
255.166667 255.208333  106.37  16.51 0.000
255.208333 255.250000   77.61  14.69 0.000
255.250000 255.291667   90.05  15.22 0.000
255.291667 255.333333  112.79  17.49 0.000
255.333333 255.375000  118.59  17.34 0.000
255.375000 255.416667  121.38  18.30 0.000
255.416667 255.458333  113.72  17.32 0.000
255.458333 255.500000   94.22  17.91 0.000
255.500000 255.541667   97.98  15.78 0.000
255.541667 255.583333   92.99  17.22 0.000
255.583333 255.625000   96.77  15.93 0.000
255.625000 255.666667   73.53  14.50 0.000
255.666667 255.708333   78.48  14.30 0.000
255.708333 255.750000   86.56  15.50 0.000
255.750000 255.791667   94.91  15.58 0.000
255.791667 255.833333   92.86  16.29 0.000
255.833333 255.875000   95.14  15.71 0.000
255.875000 255.916667   92.92  15.77 0.000
255.916667 255.958333   92.80  15.38 0.000
255.958333 256.000000   89.69  15.67 0.000
256.000000 256.041667   97.14  15.98 0.000
256.041667 256.083333   85.58  15.58 0.000
256.083333 256.125000   93.08  15.45 0.000
256.125000 256.166667   86.55  15.43 0.000
256.166667 256.208333   88.11  15.28 0.000
256.208333 256.250000   77.12  14.64 0.000
256.250000 256.291667   94.22  16.00 0.000
256.291667 256.333333  121.61  18.21 0.000
256.333333 256.375000  127.27  18.12 0.000
256.375000 256.416667  112.35  17.34 0.000
256.416667 256.458333  118.40  17.54 0.000
256.458333 256.500000  109.78  17.66 0.000
256.500000 256.541667  122.94  17.77 0.000
256.541667 256.583333  114.74  17.75 0.000
256.583333 256.625000  122.98  17.93 0.000
256.625000 256.666667  106.77  17.13 0.000
256.666667 256.708333  105.62  16.47 0.000
256.708333 256.750000  106.59  16.95 0.000
256.750000 256.791667   94.73  15.71 0.000
256.791667 256.833333   87.88  15.81 0.000
256.833333 256.875000   69.73  13.65 0.000
256.875000 256.916667   82.72  15.34 0.000
256.916667 256.958333   88.01  14.88 0.000
256.958333 257.000000   69.39  14.53 0.000
257.000000 257.041667   75.39  14.08 0.000
257.041667 257.083333   67.36  14.40 0.000
257.083333 257.125000   73.54  14.03 0.000
257.125000 257.166667   82.83  15.03 0.000
257.166667 257.208333   88.45  14.87 0.000
257.208333 257.250000   81.39  15.90 0.000
257.250000 257.291667  114.62  17.63 0.000
257.291667 257.333333  135.05  19.32 0.000
257.333333 257.375000  136.60  19.39 0.000
257.375000 257.416667  122.82  18.43 0.000
257.416667 257.458333  135.61  19.10 0.000
257.458333 257.500000  113.19  18.05 0.000
257.500000 257.541667  119.52  17.80 0.000
257.541667 257.583333  113.47  17.52 0.000
257.583333 257.625000  132.28  18.99 0.000
257.625000 257.666667  144.30  20.12 0.000
257.666667 257.708333  124.91  18.07 0.000
257.708333 257.750000   93.49  16.42 0.000
257.750000 257.791667   94.93  15.58 0.000
257.791667 257.833333   78.35  15.70 0.000
257.833333 257.875000   79.42  14.48 0.000
257.875000 257.916667   81.59  14.92 0.000
257.916667 257.958333   80.88  14.50 0.000
257.958333 258.000000   68.20  13.99 0.000
258.000000 258.041667   69.54  13.63 0.000
258.041667 258.083333   68.56  14.51 0.000
258.083333 258.125000   75.14  14.03 0.000
258.125000 258.166667   76.63  14.89 0.000
258.166667 258.208333   93.57  15.64 0.000
258.208333 258.250000  113.66  17.47 0.000
258.250000 258.291667  128.96  18.39 0.000
258.291667 258.333333  123.77  18.70 0.000
258.333333 258.375000  134.37  18.93 0.000
258.375000 258.416667 9999.99 999.99 0.999
258.416667 258.458333 9999.99 999.99 0.999
258.458333 258.500000 9999.99 999.99 0.999
258.500000 258.541667 9999.99 999.99 0.999
258.541667 258.583333 9999.99 999.99 0.999
258.583333 258.625000 9999.99 999.99 0.999
258.625000 258.666667 9999.99 999.99 0.999
258.666667 258.708333 9999.99 999.99 0.999
258.708333 258.750000 9999.99 999.99 0.999
258.750000 258.791667 9999.99 999.99 0.999
258.791667 258.833333  114.91  34.97 0.000
258.833333 258.875000  107.88  16.38 0.000
258.875000 258.916667  110.07  17.78 0.000
258.916667 258.958333  105.11  16.36 0.000
258.958333 259.000000  105.63  17.69 0.000
259.000000 259.041667  110.20  16.72 0.000
259.041667 259.083333  111.48  17.57 0.000
259.083333 259.125000   94.19  15.20 0.000
259.125000 259.166667   90.97  16.30 0.000
259.166667 259.208333  107.07  16.40 0.000
259.208333 259.250000  104.24  17.34 0.000
259.250000 259.291667  105.51  16.24 0.000
259.291667 259.333333  132.14  21.96 0.000
259.333333 259.375000 9999.99 999.99 0.999
259.375000 259.416667 9999.99 999.99 0.999
259.416667 259.458333 9999.99 999.99 0.999
