data/ebas/co/KE0001G.20060101000000.20100323000000.ndir.carbon_monoxide.air.5mo.1h.CH01L_TEI-48C_TL_MKN.CH01L_ndir..nas
57 1001
Henne, Stefan; Aseyo, John; Thiong'o, Kennedy
CH01L, Swiss Federal Laboratories for Materials Science and Technology, EMPA, Section Air Pollution, Überlandstrasse 133, , 8600, Dübendorf, Switzerland
Henne, Stefan; Klausen, Joerg
Independent sel_HTAP
1 1
2006 01 01 2010 03 23
0.041667
days from file reference point
4
1 1 1 1
999.999999 9999.99 9999.99 9.999
end_time of measurement, days from the file reference point
carbon_monoxide, nmol/mol, Statistics=arithmetic mean
carbon_monoxide, nmol/mol, Statistics=stddev
numflag, no unit
0
39
Data definition:              EBAS_1.1
Set type code:                TU
Timezone:                     UTC
File name:                    KE0001G.20060101000000.20100323000000.ndir.carbon_monoxide.air.5mo.1h.CH01L_TEI-48C_TL_MKN.CH01L_ndir..nas
File creation:                20220610064449505000
Export state:                 20220610064431313000
Export filter:                exclude-900,exclude-invalid
Startdate:                    20060101000000
Revision date:                20100323000000
Data level:                   
Period code:                  5mo
Resolution code:              1h
Station code:                 KE0001G
Platform code:                KE0001S
Station name:                 Mt. Kenya
Station WDCA-ID:              GAWAKE__MKN
Station GAW-ID:               MKN
Station GAW-Name:             Mt. Kenya
Station land use:             Grassland
Station setting:              Mountain
Station GAW type:             G
Station WMO region:           1
Station latitude:             -0.0622
Station longitude:            37.2972
Station altitude:             3678.0 m
Regime:                       IMG
Component:                    carbon_monoxide
Unit:                         nmol/mol
Matrix:                       air
Laboratory code:              CH01L
Instrument type:              ndir
Instrument name:              TEI-48C_TL_MKN
Method ref:                   CH01L_ndir
Originator:                   Henne, Stefan, , , , , , , , , 
Originator:                   Aseyo, John, , , , , , , , , 
Originator:                   Thiong'o, Kennedy, , , , , , , , , 
Submitter:                    Henne, Stefan, , , , , , , , , 
Submitter:                    Klausen, Joerg, , , , , , , , , 
starttime endtime CO CO flag
[from data line 2182]
 90.916667  90.958333   84.35   15.18 0.000
 90.958333  91.000000   65.41   14.58 0.000
 91.000000  91.041667   68.16   14.10 0.000
 91.041667  91.083333   65.67   14.56 0.000
 91.083333  91.125000   65.87   14.00 0.000
 91.125000  91.166667   64.86   14.88 0.000
 91.166667  91.208333   68.41   14.18 0.000
 91.208333  91.250000   77.05   15.29 0.000
 91.250000  91.291667   78.89   14.86 0.000
 91.291667  91.333333   72.49   15.08 0.000
 91.333333  91.375000   87.54   15.48 0.000
 91.375000  91.416667   95.79   16.53 0.000
 91.416667  91.458333   86.22   15.39 0.000
 91.458333  91.500000   66.62   14.58 0.000
 91.500000  91.541667   66.16   14.07 0.000
 91.541667  91.583333   72.91   15.04 0.000
 91.583333  91.625000   80.66   15.02 0.000
 91.625000  91.666667   71.06   14.90 0.000
 91.666667  91.708333   71.60   14.41 0.000
 91.708333  91.750000   73.49   15.04 0.000
 91.750000  91.791667   77.81   14.78 0.000
 91.791667  91.833333   76.13   15.36 0.000
 91.833333  91.875000   76.14   14.72 0.000
 91.875000  91.916667   72.76   15.19 0.000
 91.916667  91.958333   73.19   14.51 0.000
 91.958333  92.000000   69.82   14.77 0.000
 92.000000  92.041667   74.89   14.59 0.000
 92.041667  92.083333   65.20   14.49 0.000
 92.083333  92.125000   68.95   14.21 0.000
 92.125000  92.166667   65.96   14.84 0.000
 92.166667  92.208333   69.64   14.25 0.000
 92.208333  92.250000   71.97   15.07 0.000
 92.250000  92.291667   78.15   14.80 0.000
 92.291667  92.333333   75.23   15.29 0.000
 92.333333  92.375000   64.10   13.92 0.000
 92.375000  92.416667   66.12   14.63 0.000
 92.416667  92.458333   71.73   14.38 0.000
 92.458333  92.500000   69.38   14.81 0.000
 92.500000  92.541667   74.92   14.58 0.000
 92.541667  92.583333   65.40   14.47 0.000
 92.583333  92.625000   64.19   13.91 0.000
 92.625000  92.666667   65.02   14.46 0.000
 92.666667  92.708333   68.14   14.18 0.000
 92.708333  92.750000   70.31   15.04 0.000
 92.750000  92.791667   69.54   14.22 0.000
 92.791667  92.833333   72.71   15.10 0.000
 92.833333  92.875000   74.92   14.56 0.000
 92.875000  92.916667   68.50   14.60 0.000
 92.916667  92.958333   75.08   14.60 0.000
 92.958333  93.000000   67.22   14.76 0.000
 93.000000  93.041667   72.36   14.47 0.000
 93.041667  93.083333   70.92   15.07 0.000
 93.083333  93.125000   77.16   14.78 0.000
 93.125000  93.166667   77.42   15.25 0.000
 93.166667  93.208333   80.23   15.01 0.000
 93.208333  93.250000   76.73   15.19 0.000
 93.250000  93.291667   77.81   14.85 0.000
 93.291667  93.333333   65.81   14.75 0.000
 93.333333  93.375000   73.11   14.54 0.000
 93.375000  93.416667 9999.99 9999.99 0.999
 93.416667  93.458333 9999.99 9999.99 0.999
 93.458333  93.500000 9999.99 9999.99 0.999
 93.500000  93.541667 9999.99 9999.99 0.999
 93.541667  93.583333 9999.99 9999.99 0.999
 93.583333  93.625000 9999.99 9999.99 0.999
 93.625000  93.666667 9999.99 9999.99 0.999
 93.666667  93.708333 9999.99 9999.99 0.999
 93.708333  93.750000 9999.99 9999.99 0.999
 93.750000  93.791667 9999.99 9999.99 0.999
 93.791667  93.833333 9999.99 9999.99 0.999
 93.833333  93.875000 9999.99 9999.99 0.999
 93.875000  93.916667 9999.99 9999.99 0.999
 93.916667  93.958333 9999.99 9999.99 0.999
 93.958333  94.000000 9999.99 9999.99 0.999
 94.000000  94.041667 9999.99 9999.99 0.999
 94.041667  94.083333   73.00   15.43 0.000
 94.083333  94.125000   74.38   14.67 0.000
 94.125000  94.166667   61.16   14.52 0.000
 94.166667  94.208333   66.96   14.20 0.000
 94.208333  94.250000   74.15   15.57 0.000
 94.250000  94.291667   73.94   14.59 0.000
 94.291667  94.333333   72.21   15.06 0.000
 94.333333  94.375000   73.19   14.49 0.000
 94.375000  94.416667   83.59   16.03 0.000
 94.416667  94.458333   83.12   15.17 0.000
 94.458333  94.500000   78.56   15.39 0.000
 94.500000  94.541667   80.66   14.99 0.000
 94.541667  94.583333   76.50   15.28 0.000
 94.583333  94.625000   79.50   14.87 0.000
 94.625000  94.666667   73.82   14.94 0.000
 94.666667  94.708333   81.14   14.97 0.000
 94.708333  94.750000   72.61   14.94 0.000
 94.750000  94.791667   77.48   14.74 0.000
 94.791667  94.833333   74.40   14.93 0.000
 94.833333  94.875000   76.49   14.64 0.000
 94.875000  94.916667   67.52   14.86 0.000
 94.916667  94.958333   73.48   14.47 0.000
 94.958333  95.000000   71.84   14.80 0.000
 95.000000  95.041667   74.43   14.52 0.000
 95.041667  95.083333   73.87   15.20 0.000
 95.083333  95.125000   78.59   14.82 0.000
 95.125000  95.166667   71.28   14.85 0.000
 95.166667  95.208333   75.17   14.59 0.000
 95.208333  95.250000   73.63   14.88 0.000
 95.250000  95.291667   73.48   14.45 0.000
 95.291667  95.333333   61.31   14.32 0.000
 95.333333  95.375000   66.74   14.03 0.000
 95.375000  95.416667   63.63   14.46 0.000
 95.416667  95.458333   63.84   13.84 0.000
 95.458333  95.500000   69.62   14.77 0.000
 95.500000  95.541667   71.05   14.26 0.000
 95.541667  95.583333   66.81   14.47 0.000
 95.583333  95.625000   70.45   14.19 0.000
 95.625000  95.666667   62.21   14.22 0.000
 95.666667  95.708333   62.29   13.71 0.000
 95.708333  95.750000   60.26   14.27 0.000
 95.750000  95.791667   62.38   13.71 0.000
 95.791667  95.833333   62.59   14.21 0.000
 95.833333  95.875000   66.14   13.93 0.000
 95.875000  95.916667   69.40   14.70 0.000
 95.916667  95.958333   71.80   14.34 0.000
 95.958333  96.000000   68.91   14.73 0.000
 96.000000  96.041667   71.81   14.38 0.000
 96.041667  96.083333   69.64   14.75 0.000
 96.083333  96.125000   70.63   14.36 0.000
 96.125000  96.166667   71.53   15.08 0.000
 96.166667  96.208333   77.18   14.81 0.000
 96.208333  96.250000   73.46   14.97 0.000
 96.250000  96.291667   79.42   14.94 0.000
 96.291667  96.333333   69.35   14.98 0.000
 96.333333  96.375000   80.14   14.98 0.000
 96.375000  96.416667   78.46   15.43 0.000
 96.416667  96.458333   75.44   14.67 0.000
 96.458333  96.500000   78.67   15.63 0.000
 96.500000  96.541667   86.92   15.43 0.000
 96.541667  96.583333   86.92   16.05 0.000
 96.583333  96.625000   85.03   15.27 0.000
 96.625000  96.666667   80.76   15.46 0.000
 96.666667  96.708333   82.31   15.08 0.000
 96.708333  96.750000   81.86   15.67 0.000
 96.750000  96.791667   83.02   15.16 0.000
 96.791667  96.833333   75.41   15.18 0.000
 96.833333  96.875000   72.44   14.46 0.000
 96.875000  96.916667   71.96   15.07 0.000
 96.916667  96.958333   77.97   14.83 0.000
 96.958333  97.000000   77.07   15.29 0.000
 97.000000  97.041667   79.34   14.93 0.000
 97.041667  97.083333   70.06   14.94 0.000
 97.083333  97.125000   77.37   14.79 0.000
 97.125000  97.166667   74.69   15.41 0.000
 97.166667  97.208333   77.56   14.79 0.000
 97.208333  97.250000   77.73   15.21 0.000
 97.250000  97.291667   88.71   15.57 0.000
 97.291667  97.333333   81.04   15.64 0.000
 97.333333  97.375000   79.85   15.07 0.000
 97.375000  97.416667   81.33   15.72 0.000
 97.416667  97.458333   83.76   15.24 0.000
 97.458333  97.500000   78.46   15.61 0.000
 97.500000  97.541667   86.24   15.40 0.000
 97.541667  97.583333   92.78   16.51 0.000
 97.583333  97.625000   94.10   15.98 0.000
 97.625000  97.666667   88.92   15.96 0.000
 97.666667  97.708333   88.43   15.55 0.000
 97.708333  97.750000   64.64   14.71 0.000
 97.750000  97.791667   78.32   14.88 0.000
 97.791667  97.833333   80.49   15.68 0.000
 97.833333  97.875000   68.35   14.19 0.000
 97.875000  97.916667   87.45   16.02 0.000
 97.916667  97.958333   77.66   14.75 0.000
 97.958333  98.000000   77.64   15.38 0.000
 98.000000  98.041667   78.22   14.80 0.000
 98.041667  98.083333   79.60   15.51 0.000
 98.083333  98.125000   81.46   15.00 0.000
 98.125000  98.166667   70.63   14.78 0.000
 98.166667  98.208333   72.23   14.39 0.000
 98.208333  98.250000   77.48   15.50 0.000
 98.250000  98.291667   82.25   15.06 0.000
 98.291667  98.333333   75.16   15.39 0.000
 98.333333  98.375000   78.30   14.80 0.000
 98.375000  98.416667   88.39   16.07 0.000
 98.416667  98.458333   97.63   16.20 0.000
 98.458333  98.500000   82.69   15.69 0.000
 98.500000  98.541667   78.32   14.78 0.000
 98.541667  98.583333   84.08   15.96 0.000
 98.583333  98.625000   73.73   14.46 0.000
 98.625000  98.666667   88.67   16.35 0.000
 98.666667  98.708333   80.07   14.86 0.000
 98.708333  98.750000   80.34   15.49 0.000
 98.750000  98.791667   78.29   14.72 0.000
 98.791667  98.833333   72.50   14.98 0.000
 98.833333  98.875000   67.91   14.06 0.000
 98.875000  98.916667   78.62   15.67 0.000
 98.916667  98.958333   88.16   15.51 0.000
 98.958333  99.000000   63.71   14.51 0.000
 99.000000  99.041667   59.63   13.61 0.000
 99.041667  99.083333   89.55   16.09 0.000
 99.083333  99.125000   75.40   14.54 0.000
 99.125000  99.166667   65.58   14.74 0.000
 99.166667  99.208333   76.59   14.63 0.000
 99.208333  99.250000   58.84   14.53 0.000
 99.250000  99.291667   63.59   13.87 0.000
 99.291667  99.333333 9999.99 9999.99 0.999
 99.333333  99.375000 9999.99 9999.99 0.999
 99.375000  99.416667 9999.99 9999.99 0.999
 99.416667  99.458333 9999.99 9999.99 0.999
 99.458333  99.500000 9999.99 9999.99 0.999
 99.500000  99.541667 9999.99 9999.99 0.999
 99.541667  99.583333 9999.99 9999.99 0.999
 99.583333  99.625000 9999.99 9999.99 0.999
 99.625000  99.666667 9999.99 9999.99 0.999
 99.666667  99.708333 9999.99 9999.99 0.999
 99.708333  99.750000   80.79   15.73 0.000
 99.750000  99.791667   72.52   14.49 0.000
 99.791667  99.833333   76.79   15.25 0.000
 99.833333  99.875000   79.09   14.90 0.000
 99.875000  99.916667   70.01   14.88 0.000
 99.916667  99.958333   73.82   14.54 0.000
 99.958333 100.000000   73.24   15.10 0.000
100.000000 100.041667   78.11   14.87 0.000
100.041667 100.083333   77.58   15.37 0.000
100.083333 100.125000   83.04   15.21 0.000
100.125000 100.166667   81.04   15.56 0.000
100.166667 100.208333   82.13   15.20 0.000
100.208333 100.250000   77.29   15.55 0.000
100.250000 100.291667   81.90   15.23 0.000
100.291667 100.333333   82.07   15.86 0.000
100.333333 100.375000   91.27   15.85 0.000
100.375000 100.416667   88.42   15.95 0.000
100.416667 100.458333   90.13   15.70 0.000
100.458333 100.500000   87.45   16.15 0.000
100.500000 100.541667   90.96   15.71 0.000
100.541667 100.583333   78.22   15.35 0.000
100.583333 100.625000   80.58   14.97 0.000
100.625000 100.666667   82.09   15.88 0.000
100.666667 100.708333   90.81   15.71 0.000
100.708333 100.750000   73.55   15.10 0.000
100.750000 100.791667   76.09   14.76 0.000
100.791667 100.833333   67.89   14.98 0.000
100.833333 100.875000   70.29   14.37 0.000
100.875000 100.916667   66.20   14.69 0.000
100.916667 100.958333   70.72   14.39 0.000
100.958333 101.000000   73.05   15.19 0.000
101.000000 101.041667   74.80   14.63 0.000
101.041667 101.083333   77.02   15.23 0.000
101.083333 101.125000   73.08   14.42 0.000
101.125000 101.166667   70.19   15.01 0.000
101.166667 101.208333   82.87   15.05 0.000
101.208333 101.250000   85.05   15.99 0.000
101.250000 101.291667   88.50   15.46 0.000
101.291667 101.333333   83.80   16.01 0.000
101.333333 101.375000   87.98   15.45 0.000
101.375000 101.416667   95.36   16.58 0.000
101.416667 101.458333  101.60   16.44 0.000
101.458333 101.500000  101.39   17.02 0.000
101.500000 101.541667  100.71   16.37 0.000
101.541667 101.583333   97.44   16.72 0.000
101.583333 101.625000  101.32   16.50 0.000
101.625000 101.666667  101.95   17.18 0.000
101.666667 101.708333   89.11   15.83 0.000
101.708333 101.750000   86.81   15.99 0.000
101.750000 101.791667   80.07   14.99 0.000
101.791667 101.833333   82.72   15.72 0.000
101.833333 101.875000   79.26   14.97 0.000
101.875000 101.916667   73.46   15.39 0.000
101.916667 101.958333   72.94   14.54 0.000
101.958333 102.000000   77.13   15.40 0.000
102.000000 102.041667   73.53   14.55 0.000
102.041667 102.083333   70.57   14.93 0.000
102.083333 102.125000   69.05   14.24 0.000
102.125000 102.166667   62.25   14.38 0.000
102.166667 102.208333   66.01   14.09 0.000
102.208333 102.250000   76.44   15.26 0.000
102.250000 102.291667   84.52   15.33 0.000
102.291667 102.333333   77.44   15.42 0.000
102.333333 102.375000   88.91   15.72 0.000
102.375000 102.416667 9999.99 9999.99 0.999
102.416667 102.458333 9999.99 9999.99 0.999
102.458333 102.500000 9999.99 9999.99 0.999
102.500000 102.541667 9999.99 9999.99 0.999
102.541667 102.583333 9999.99 9999.99 0.999
102.583333 102.625000 9999.99 9999.99 0.999
102.625000 102.666667   97.51   16.87 0.000
102.666667 102.708333   97.26   16.33 0.000
102.708333 102.750000   90.65   16.37 0.000
102.750000 102.791667   93.79   16.00 0.000
102.791667 102.833333   71.13   15.32 0.000
102.833333 102.875000   64.76   14.03 0.000
102.875000 102.916667   72.57   15.15 0.000
102.916667 102.958333   74.32   14.59 0.000
102.958333 103.000000   71.76   15.02 0.000
103.000000 103.041667   71.92   14.41 0.000
103.041667 103.083333   64.97   14.42 0.000
103.083333 103.125000   57.32   13.53 0.000
103.125000 103.166667   57.91   14.55 0.000
103.166667 103.208333   71.82   14.39 0.000
103.208333 103.250000   68.64   14.55 0.000
103.250000 103.291667   69.33   14.17 0.000
103.291667 103.333333   83.04   15.49 0.000
103.333333 103.375000   86.09   15.27 0.000
103.375000 103.416667  106.41   17.74 0.000
103.416667 103.458333  123.91   18.26 0.000
103.458333 103.500000   96.58   16.60 0.000
103.500000 103.541667   91.50   15.66 0.000
103.541667 103.583333   78.05   15.17 0.000
103.583333 103.625000   91.90   15.67 0.000
103.625000 103.666667   83.95   15.94 0.000
103.666667 103.708333   83.70   15.08 0.000
103.708333 103.750000   79.45   15.25 0.000
103.750000 103.791667   81.14   15.00 0.000
103.791667 103.833333   82.74   15.67 0.000
103.833333 103.875000   78.05   14.68 0.000
103.875000 103.916667   66.17   14.64 0.000
103.916667 103.958333   67.31   13.98 0.000
103.958333 104.000000   71.86   14.82 0.000
104.000000 104.041667   70.64   14.18 0.000
104.041667 104.083333   65.52   14.37 0.000
104.083333 104.125000   61.48   13.62 0.000
104.125000 104.166667   65.88   14.35 0.000
104.166667 104.208333   76.21   14.57 0.000
104.208333 104.250000   71.15   14.84 0.000
104.250000 104.291667   75.50   14.51 0.000
104.291667 104.333333   79.95   15.48 0.000
104.333333 104.375000   83.58   15.10 0.000
104.375000 104.416667   91.26   16.04 0.000
104.416667 104.458333   96.00   15.99 0.000
104.458333 104.500000   88.63   16.08 0.000
104.500000 104.541667   95.98   16.00 0.000
104.541667 104.583333   91.69   16.43 0.000
104.583333 104.625000   91.77   15.67 0.000
104.625000 104.666667   81.81   15.51 0.000
104.666667 104.708333   89.74   15.54 0.000
104.708333 104.750000   86.21   15.69 0.000
104.750000 104.791667   90.46   15.59 0.000
104.791667 104.833333   83.81   15.71 0.000
104.833333 104.875000   85.08   15.18 0.000
104.875000 104.916667   95.51   16.45 0.000
104.916667 104.958333   94.03   15.83 0.000
104.958333 105.000000   75.45   15.59 0.000
105.000000 105.041667   86.82   15.29 0.000
105.041667 105.083333   91.89   16.23 0.000
105.083333 105.125000   91.84   15.67 0.000
105.125000 105.166667  110.49   17.64 0.000
105.166667 105.208333  112.94   17.32 0.000
105.208333 105.250000  104.92   17.13 0.000
105.250000 105.291667  102.93   16.51 0.000
105.291667 105.333333   96.63   16.60 0.000
105.333333 105.375000   99.06   16.22 0.000
105.375000 105.416667   96.16   16.38 0.000
105.416667 105.458333  101.15   16.36 0.000
105.458333 105.500000  100.01   17.02 0.000
105.500000 105.541667  101.80   16.42 0.000
105.541667 105.583333   96.87   16.54 0.000
105.583333 105.625000  100.98   16.37 0.000
105.625000 105.666667   94.51   16.61 0.000
105.666667 105.708333   93.36   15.76 0.000
105.708333 105.750000   95.83   16.56 0.000
105.750000 105.791667  105.17   16.69 0.000
105.791667 105.833333   99.34   16.98 0.000
105.833333 105.875000   98.08   16.11 0.000
105.875000 105.916667   92.79   16.19 0.000
105.916667 105.958333   97.70   16.08 0.000
105.958333 106.000000   93.35   16.31 0.000
106.000000 106.041667   94.99   15.86 0.000
