data/ebas/co/KE0001G.20060101000000.20100323000000.ndir.carbon_monoxide.air.5mo.1h.CH01L_TEI-48C_TL_MKN.CH01L_ndir..nas
57 1001
Henne, Stefan; Aseyo, John; Thiong'o, Kennedy
CH01L, Swiss Federal Laboratories for Materials Science and Technology, EMPA, Section Air Pollution, Überlandstrasse 133, , 8600, Dübendorf, Switzerland
Henne, Stefan; Klausen, Joerg
Independent sel_HTAP
1 1
2006 01 01 2010 03 23
0.041667
days from file reference point
4
1 1 1 1
999.999999 9999.99 9999.99 9.999
end_time of measurement, days from the file reference point
carbon_monoxide, nmol/mol, Statistics=arithmetic mean
carbon_monoxide, nmol/mol, Statistics=stddev
numflag, no unit
0
39
Data definition:              EBAS_1.1
Set type code:                TU
Timezone:                     UTC
File name:                    KE0001G.20060101000000.20100323000000.ndir.carbon_monoxide.air.5mo.1h.CH01L_TEI-48C_TL_MKN.CH01L_ndir..nas
File creation:                20220610064449505000
Export state:                 20220610064431313000
Export filter:                exclude-900,exclude-invalid
Startdate:                    20060101000000
Revision date:                20100323000000
Data level:                   
Period code:                  5mo
Resolution code:              1h
Station code:                 KE0001G
Platform code:                KE0001S
Station name:                 Mt. Kenya
Station WDCA-ID:              GAWAKE__MKN
Station GAW-ID:               MKN
Station GAW-Name:             Mt. Kenya
Station land use:             Grassland
Station setting:              Mountain
Station GAW type:             G
Station WMO region:           1
Station latitude:             -0.0622
Station longitude:            37.2972
Station altitude:             3678.0 m
Regime:                       IMG
Component:                    carbon_monoxide
Unit:                         nmol/mol
Matrix:                       air
Laboratory code:              CH01L
Instrument type:              ndir
Instrument name:              TEI-48C_TL_MKN
Method ref:                   CH01L_ndir
Originator:                   Henne, Stefan, , , , , , , , , 
Originator:                   Aseyo, John, , , , , , , , , 
Originator:                   Thiong'o, Kennedy, , , , , , , , , 
Submitter:                    Henne, Stefan, , , , , , , , , 
Submitter:                    Klausen, Joerg, , , , , , , , , 
starttime endtime CO CO flag
[from data line 1455]
 60.625000  60.666667  182.48   24.25 0.000
 60.666667  60.708333  184.71   24.04 0.000
 60.708333  60.750000  177.04   23.57 0.000
 60.750000  60.791667  171.35   22.76 0.000
 60.791667  60.833333  171.56   23.19 0.000
 60.833333  60.875000  174.60   23.06 0.000
 60.875000  60.916667  166.54   22.66 0.000
 60.916667  60.958333  163.61   22.03 0.000
 60.958333  61.000000  139.08   20.35 0.000
 61.000000  61.041667  139.79   19.85 0.000
 61.041667  61.083333  157.60   21.78 0.000
 61.083333  61.125000  155.09   21.20 0.000
 61.125000  61.166667  150.08   21.12 0.000
 61.166667  61.208333  161.66   21.80 0.000
 61.208333  61.250000  144.58   20.54 0.000
 61.250000  61.291667  156.33   21.29 0.000
 61.291667  61.333333  147.09   20.83 0.000
 61.333333  61.375000  145.43   20.27 0.000
 61.375000  61.416667  148.13   20.80 0.000
 61.416667  61.458333  141.41   19.88 0.000
 61.458333  61.500000  145.16   20.70 0.000
 61.500000  61.541667  142.02   19.94 0.000
 61.541667  61.583333  141.91   20.32 0.000
 61.583333  61.625000  141.17   19.84 0.000
 61.625000  61.666667  124.73   18.75 0.000
 61.666667  61.708333  126.37   18.50 0.000
 61.708333  61.750000  125.68   18.86 0.000
 61.750000  61.791667  133.36   19.12 0.000
 61.791667  61.833333  132.95   19.48 0.000
 61.833333  61.875000  137.92   19.56 0.000
 61.875000  61.916667  140.44   20.30 0.000
 61.916667  61.958333  136.56   19.47 0.000
 61.958333  62.000000  116.89   18.26 0.000
 62.000000  62.041667  111.93   17.37 0.000
 62.041667  62.083333  114.94   18.07 0.000
 62.083333  62.125000  124.48   18.44 0.000
 62.125000  62.166667  129.69   19.27 0.000
 62.166667  62.208333  132.81   19.17 0.000
 62.208333  62.250000  126.30   18.93 0.000
 62.250000  62.291667  125.91   18.54 0.000
 62.291667  62.333333  130.92   19.37 0.000
 62.333333  62.375000  129.85   18.86 0.000
 62.375000  62.416667  118.42   18.54 0.000
 62.416667  62.458333  127.76   18.63 0.000
 62.458333  62.500000  122.61   18.56 0.000
 62.500000  62.541667  128.39   18.64 0.000
 62.541667  62.583333  122.66   18.54 0.000
 62.583333  62.625000  124.61   18.29 0.000
 62.625000  62.666667  126.94   19.13 0.000
 62.666667  62.708333  128.40   18.61 0.000
 62.708333  62.750000  127.63   18.94 0.000
 62.750000  62.791667  127.08   18.51 0.000
 62.791667  62.833333  131.00   19.22 0.000
 62.833333  62.875000  131.18   18.87 0.000
 62.875000  62.916667  120.34   18.41 0.000
 62.916667  62.958333  121.70   18.07 0.000
 62.958333  63.000000  111.36   17.68 0.000
 63.000000  63.041667  121.74   18.12 0.000
 63.041667  63.083333  117.94   18.18 0.000
 63.083333  63.125000  114.09   17.47 0.000
 63.125000  63.166667  118.67   18.32 0.000
 63.166667  63.208333  132.59   19.08 0.000
 63.208333  63.250000  162.93   22.25 0.000
 63.250000  63.291667  168.73   22.43 0.000
 63.291667  63.333333  177.64   23.60 0.000
 63.333333  63.375000  178.15   23.32 0.000
 63.375000  63.416667  171.35   23.21 0.000
 63.416667  63.458333  177.99   23.31 0.000
 63.458333  63.500000  177.84   23.56 0.000
 63.500000  63.541667  174.80   22.99 0.000
 63.541667  63.583333  144.87   20.75 0.000
 63.583333  63.625000  139.36   19.67 0.000
 63.625000  63.666667  150.99   21.30 0.000
 63.666667  63.708333  159.89   21.56 0.000
 63.708333  63.750000  137.34   19.94 0.000
 63.750000  63.791667  137.53   19.50 0.000
 63.791667  63.833333  146.73   20.64 0.000
 63.833333  63.875000  140.12   19.72 0.000
 63.875000  63.916667  130.79   19.28 0.000
 63.916667  63.958333  134.26   19.20 0.000
 63.958333  64.000000  148.55   20.93 0.000
 64.000000  64.041667  149.40   20.57 0.000
 64.041667  64.083333  154.39   21.32 0.000
 64.083333  64.125000  166.72   22.19 0.000
 64.125000  64.166667  161.89   22.10 0.000
 64.166667  64.208333  152.16   20.84 0.000
 64.208333  64.250000  145.82   20.57 0.000
 64.250000  64.291667  156.92   21.25 0.000
 64.291667  64.333333  164.25   22.34 0.000
 64.333333  64.375000  168.91   22.36 0.000
 64.375000  64.416667  150.60   21.11 0.000
 64.416667  64.458333  153.81   20.92 0.000
 64.458333  64.500000  141.75   20.34 0.000
 64.500000  64.541667  139.50   19.58 0.000
 64.541667  64.583333  138.47   19.97 0.000
 64.583333  64.625000  136.30   19.29 0.000
 64.625000  64.666667  147.45   20.79 0.000
 64.666667  64.708333  149.50   20.51 0.000
 64.708333  64.750000  147.23   20.63 0.000
 64.750000  64.791667  141.91   19.83 0.000
 64.791667  64.833333  149.31   20.88 0.000
 64.833333  64.875000  147.40   20.36 0.000
 64.875000  64.916667  127.84   19.10 0.000
 64.916667  64.958333  133.71   19.18 0.000
 64.958333  65.000000  158.41   21.98 0.000
 65.000000  65.041667  169.00   22.47 0.000
 65.041667  65.083333  171.25   22.98 0.000
 65.083333  65.125000  192.47   24.80 0.000
 65.125000  65.166667  222.56   28.06 0.000
 65.166667  65.208333  166.28   22.37 0.000
 65.208333  65.250000  169.37   22.90 0.000
 65.250000  65.291667  181.80   23.79 0.000
 65.291667  65.333333  168.22   22.96 0.000
 65.333333  65.375000  154.49   21.21 0.000
 65.375000  65.416667 9999.99 9999.99 0.999
 65.416667  65.458333 9999.99 9999.99 0.999
 65.458333  65.500000  131.19   20.00 0.000
 65.500000  65.541667  124.18   18.49 0.000
 65.541667  65.583333  125.55   19.37 0.000
 65.583333  65.625000  126.52   18.61 0.000
 65.625000  65.666667  133.14   20.20 0.000
 65.666667  65.708333  126.15   18.61 0.000
 65.708333  65.750000  129.86   19.66 0.000
 65.750000  65.791667  134.44   19.33 0.000
 65.791667  65.833333  126.49   19.34 0.000
 65.833333  65.875000  145.47   20.39 0.000
 65.875000  65.916667  170.06   23.26 0.000
 65.916667  65.958333  169.81   22.60 0.000
 65.958333  66.000000  151.56   21.51 0.000
 66.000000  66.041667  162.22   21.88 0.000
 66.041667  66.083333  151.10   21.32 0.000
 66.083333  66.125000  157.66   21.49 0.000
 66.125000  66.166667  170.40   23.02 0.000
 66.166667  66.208333  160.93   21.79 0.000
 66.208333  66.250000  148.96   21.06 0.000
 66.250000  66.291667  152.17   21.00 0.000
 66.291667  66.333333  117.14   18.39 0.000
 66.333333  66.375000  119.27   18.13 0.000
 66.375000  66.416667  132.89   20.06 0.000
 66.416667  66.458333  140.88   20.41 0.000
 66.458333  66.500000 9999.99 9999.99 0.999
 66.500000  66.541667 9999.99 9999.99 0.999
 66.541667  66.583333  135.93   21.22 0.000
 66.583333  66.625000  141.16   20.00 0.000
 66.625000  66.666667  130.07   19.98 0.000
 66.666667  66.708333  131.34   19.08 0.000
 66.708333  66.750000  134.38   19.98 0.000
 66.750000  66.791667  118.18   17.92 0.000
 66.791667  66.833333 9999.99 9999.99 0.999
 66.833333  66.875000 9999.99 9999.99 0.999
 66.875000  66.916667 9999.99 9999.99 0.999
 66.916667  66.958333 9999.99 9999.99 0.999
 66.958333  67.000000 9999.99 9999.99 0.999
 67.000000  67.041667 9999.99 9999.99 0.999
 67.041667  67.083333 9999.99 9999.99 0.999
 67.083333  67.125000 9999.99 9999.99 0.999
 67.125000  67.166667 9999.99 9999.99 0.999
 67.166667  67.208333 9999.99 9999.99 0.999
 67.208333  67.250000 9999.99 9999.99 0.999
 67.250000  67.291667 9999.99 9999.99 0.999
 67.291667  67.333333 9999.99 9999.99 0.999
 67.333333  67.375000 9999.99 9999.99 0.999
 67.375000  67.416667 9999.99 9999.99 0.999
 67.416667  67.458333 9999.99 9999.99 0.999
 67.458333  67.500000 9999.99 9999.99 0.999
 67.500000  67.541667 9999.99 9999.99 0.999
 67.541667  67.583333 9999.99 9999.99 0.999
 67.583333  67.625000 9999.99 9999.99 0.999
 67.625000  67.666667 9999.99 9999.99 0.999
 67.666667  67.708333 9999.99 9999.99 0.999
 67.708333  67.750000 9999.99 9999.99 0.999
 67.750000  67.791667 9999.99 9999.99 0.999
 67.791667  67.833333  116.73   18.85 0.000
 67.833333  67.875000  117.64   18.24 0.000
 67.875000  67.916667  101.91   17.55 0.000
 67.916667  67.958333   97.85   16.73 0.000
 67.958333  68.000000   94.47   17.14 0.000
 68.000000  68.041667   95.98   16.60 0.000
 68.041667  68.083333   87.23   16.72 0.000
 68.083333  68.125000   86.28   15.91 0.000
 68.125000  68.166667   91.95   16.99 0.000
 68.166667  68.208333  109.16   17.56 0.000
 68.208333  68.250000  116.56   18.83 0.000
 68.250000  68.291667  109.64   17.57 0.000
 68.291667  68.333333  107.64   18.05 0.000
 68.333333  68.375000  109.82   17.52 0.000
 68.375000  68.416667  103.87   17.68 0.000
 68.416667  68.458333  118.08   18.13 0.000
 68.458333  68.500000   94.54   16.80 0.000
 68.500000  68.541667  101.10   16.72 0.000
 68.541667  68.583333  116.23   18.66 0.000
 68.583333  68.625000  111.64   17.49 0.000
 68.625000  68.666667  123.63   18.98 0.000
 68.666667  68.708333  116.71   17.86 0.000
 68.708333  68.750000   91.40   16.28 0.000
 68.750000  68.791667   87.46   15.59 0.000
 68.791667  68.833333   76.84   15.51 0.000
 68.833333  68.875000   84.24   15.37 0.000
 68.875000  68.916667   82.26   15.80 0.000
 68.916667  68.958333   74.88   14.78 0.000
 68.958333  69.000000   83.73   16.19 0.000
 69.000000  69.041667   84.15   15.45 0.000
 69.041667  69.083333   70.30   15.47 0.000
 69.083333  69.125000   68.30   14.47 0.000
 69.125000  69.166667   76.86   15.40 0.000
 69.166667  69.208333   75.83   14.92 0.000
 69.208333  69.250000   86.53   16.42 0.000
 69.250000  69.291667   95.20   16.33 0.000
 69.291667  69.333333  103.83   17.53 0.000
 69.333333  69.375000  114.64   17.83 0.000
 69.375000  69.416667  110.16   18.18 0.000
 69.416667  69.458333   91.13   15.99 0.000
 69.458333  69.500000   97.13   17.05 0.000
 69.500000  69.541667  102.41   16.76 0.000
 69.541667  69.583333   86.82   16.41 0.000
 69.583333  69.625000   98.99   16.51 0.000
 69.625000  69.666667  123.51   18.99 0.000
 69.666667  69.708333  116.13   17.83 0.000
 69.708333  69.750000  108.66   17.77 0.000
 69.750000  69.791667  113.01   17.61 0.000
 69.791667  69.833333   87.74   16.27 0.000
 69.833333  69.875000   70.80   14.45 0.000
 69.875000  69.916667   70.40   15.09 0.000
 69.916667  69.958333   72.48   14.57 0.000
 69.958333  70.000000   71.65   15.44 0.000
 70.000000  70.041667   69.30   14.42 0.000
 70.041667  70.083333   73.27   15.15 0.000
 70.083333  70.125000   86.40   15.55 0.000
 70.125000  70.166667   79.94   15.69 0.000
 70.166667  70.208333   71.32   14.57 0.000
 70.208333  70.250000   86.23   16.24 0.000
 70.250000  70.291667   97.10   16.41 0.000
 70.291667  70.333333  104.22   17.73 0.000
 70.333333  70.375000   99.65   16.57 0.000
 70.375000  70.416667  107.92   18.00 0.000
 70.416667  70.458333  106.90   17.11 0.000
 70.458333  70.500000  103.21   17.20 0.000
 70.500000  70.541667  102.81   16.78 0.000
 70.541667  70.583333   79.77   15.99 0.000
 70.583333  70.625000   88.51   15.81 0.000
 70.625000  70.666667  109.29   17.99 0.000
 70.666667  70.708333  119.16   18.14 0.000
 70.708333  70.750000   88.61   16.30 0.000
 70.750000  70.791667   90.80   15.87 0.000
 70.791667  70.833333   93.22   17.03 0.000
 70.833333  70.875000   96.48   16.27 0.000
 70.875000  70.916667   84.20   16.19 0.000
 70.916667  70.958333   72.02   14.58 0.000
 70.958333  71.000000   76.83   15.53 0.000
 71.000000  71.041667   74.86   14.76 0.000
 71.041667  71.083333   70.64   15.36 0.000
 71.083333  71.125000   72.46   14.68 0.000
 71.125000  71.166667   67.58   14.88 0.000
 71.166667  71.208333   68.47   14.43 0.000
 71.208333  71.250000   64.72   14.92 0.000
 71.250000  71.291667   74.69   14.87 0.000
 71.291667  71.333333   76.86   15.58 0.000
 71.333333  71.375000   84.92   15.52 0.000
 71.375000  71.416667   92.85   16.86 0.000
 71.416667  71.458333  103.03   16.86 0.000
 71.458333  71.500000  105.46   17.81 0.000
 71.500000  71.541667  102.38   16.75 0.000
 71.541667  71.583333  108.98   18.04 0.000
 71.583333  71.625000  108.69   17.20 0.000
 71.625000  71.666667   99.55   16.95 0.000
 71.666667  71.708333  103.06   16.77 0.000
 71.708333  71.750000  101.57   17.44 0.000
 71.750000  71.791667   82.78   15.22 0.000
 71.791667  71.833333   99.88   16.98 0.000
 71.833333  71.875000   92.47   15.98 0.000
 71.875000  71.916667   87.40   16.01 0.000
 71.916667  71.958333   94.28   16.08 0.000
 71.958333  72.000000   90.26   16.83 0.000
 72.000000  72.041667   88.56   15.70 0.000
 72.041667  72.083333   90.19   16.20 0.000
 72.083333  72.125000   89.23   15.72 0.000
 72.125000  72.166667   72.38   15.08 0.000
 72.166667  72.208333   71.83   14.56 0.000
 72.208333  72.250000   78.46   15.60 0.000
 72.250000  72.291667   85.52   15.50 0.000
 72.291667  72.333333   85.82   16.27 0.000
 72.333333  72.375000  100.05   16.55 0.000
 72.375000  72.416667  114.31   18.03 0.000
 72.416667  72.458333  121.17   18.24 0.000
 72.458333  72.500000  110.62   17.91 0.000
 72.500000  72.541667  118.33   17.98 0.000
 72.541667  72.583333  114.92   18.41 0.000
 72.583333  72.625000  110.07   17.30 0.000
 72.625000  72.666667  109.91   18.12 0.000
 72.666667  72.708333  107.65   17.13 0.000
 72.708333  72.750000   99.59   17.22 0.000
 72.750000  72.791667   92.38   16.05 0.000
 72.791667  72.833333   84.11   15.89 0.000
 72.833333  72.875000   82.93   15.37 0.000
 72.875000  72.916667   79.50   15.56 0.000
 72.916667  72.958333   83.57   15.40 0.000
 72.958333  73.000000   45.14   14.13 0.000
 73.000000  73.041667   53.76   13.70 0.000
 73.041667  73.083333   68.89   15.18 0.000
 73.083333  73.125000   63.00   14.14 0.000
 73.125000  73.166667   65.88   14.76 0.000
 73.166667  73.208333   66.57   14.32 0.000
 73.208333  73.250000   69.64   14.86 0.000
 73.250000  73.291667   64.39   14.16 0.000
 73.291667  73.333333   68.10   14.85 0.000
 73.333333  73.375000   77.45   14.93 0.000
 73.375000  73.416667   80.81   15.77 0.000
 73.416667  73.458333   83.86   15.30 0.000
 73.458333  73.500000   93.55   16.98 0.000
 73.500000  73.541667   92.62   15.92 0.000
 73.541667  73.583333   98.03   16.87 0.000
 73.583333  73.625000   99.73   16.46 0.000
 73.625000  73.666667   85.64   16.06 0.000
 73.666667  73.708333   93.93   16.01 0.000
 73.708333  73.750000   95.77   16.88 0.000
 73.750000  73.791667   95.88   16.19 0.000
 73.791667  73.833333   90.76   16.58 0.000
 73.833333  73.875000   87.86   15.64 0.000
 73.875000  73.916667   80.76   15.81 0.000
 73.916667  73.958333   77.30   14.98 0.000
 73.958333  74.000000   73.22   15.24 0.000
 74.000000  74.041667   77.89   15.00 0.000
 74.041667  74.083333   85.50   16.03 0.000
 74.083333  74.125000   87.25   15.65 0.000
 74.125000  74.166667   68.13   15.76 0.000
 74.166667  74.208333   70.86   14.51 0.000
 74.208333  74.250000   91.82   16.55 0.000
 74.250000  74.291667   95.56   16.20 0.000
 74.291667  74.333333   86.33   16.35 0.000
 74.333333  74.375000   85.07   15.39 0.000
 74.375000  74.416667   94.85   16.82 0.000
 74.416667  74.458333  110.35   17.32 0.000
 74.458333  74.500000   99.23   16.98 0.000
 74.500000  74.541667   95.92   16.14 0.000
 74.541667  74.583333   97.53   17.13 0.000
 74.583333  74.625000   87.85   15.57 0.000
 74.625000  74.666667   86.47   16.14 0.000
 74.666667  74.708333   86.38   15.46 0.000
 74.708333  74.750000   90.84   16.32 0.000
 74.750000  74.791667   92.97   16.00 0.000
 74.791667  74.833333   77.13   15.63 0.000
 74.833333  74.875000   78.76   14.99 0.000
 74.875000  74.916667   73.15   15.17 0.000
 74.916667  74.958333   82.68   15.29 0.000
 74.958333  75.000000   83.29   15.82 0.000
 75.000000  75.041667   87.60   15.67 0.000
 75.041667  75.083333   84.36   16.16 0.000
 75.083333  75.125000   84.00   15.41 0.000
 75.125000  75.166667   86.07   16.38 0.000
 75.166667  75.208333   87.75   15.67 0.000
 75.208333  75.250000   95.26   16.58 0.000
 75.250000  75.291667   94.25   16.11 0.000
 75.291667  75.333333   97.94   17.05 0.000
 75.333333  75.375000  102.14   16.68 0.000
 75.375000  75.416667   88.61   16.34 0.000
 75.416667  75.458333   94.32   16.09 0.000
 75.458333  75.500000   92.43   16.62 0.000
 75.500000  75.541667  100.94   16.60 0.000
 75.541667  75.583333  100.79   17.53 0.000
 75.583333  75.625000  105.02   16.88 0.000
 75.625000  75.666667  111.39   17.81 0.000
 75.666667  75.708333  117.02   17.89 0.000
 75.708333  75.750000   74.90   15.58 0.000
