data/ebas/co/KE0001G.20020531230000.20100323000000.ndir.carbon_monoxide.air.7mo.1h.CH01L_TEI-48C_TL_MKN.CH01L_ndir..nas
57 1001
Henne, Stefan; Aseyo, John; Thiong'o, Kennedy
CH01L, Swiss Federal Laboratories for Materials Science and Technology, EMPA, Section Air Pollution, Überlandstrasse 133, , 8600, Dübendorf, Switzerland
Henne, Stefan; Klausen, Joerg
Independent sel_HTAP
1 1
2002 01 01 2010 03 23
0.041667
days from file reference point
4
1 1 1 1
999.999999 9999.99 999.99 9.999
end_time of measurement, days from the file reference point
carbon_monoxide, nmol/mol, Statistics=arithmetic mean
carbon_monoxide, nmol/mol, Statistics=stddev
numflag, no unit
0
39
Data definition:              EBAS_1.1
Set type code:                TU
Timezone:                     UTC
File name:                    KE0001G.20020531230000.20100323000000.ndir.carbon_monoxide.air.7mo.1h.CH01L_TEI-48C_TL_MKN.CH01L_ndir..nas
File creation:                20220610064446426000
Export state:                 20220610064431313000
Export filter:                exclude-900,exclude-invalid
Startdate:                    20020531230000
Revision date:                20100323000000
Data level:                   
Period code:                  7mo
Resolution code:              1h
Station code:                 KE0001G
Platform code:                KE0001S
Station name:                 Mt. Kenya
Station WDCA-ID:              GAWAKE__MKN
Station GAW-ID:               MKN
Station GAW-Name:             Mt. Kenya
Station land use:             Grassland
Station setting:              Mountain
Station GAW type:             G
Station WMO region:           1
Station latitude:             -0.0622
Station longitude:            37.2972
Station altitude:             3678.0 m
Regime:                       IMG
Component:                    carbon_monoxide
Unit:                         nmol/mol
Matrix:                       air
Laboratory code:              CH01L
Instrument type:              ndir
Instrument name:              TEI-48C_TL_MKN
Method ref:                   CH01L_ndir
Originator:                   Henne, Stefan, , , , , , , , , 
Originator:                   Aseyo, John, , , , , , , , , 
Originator:                   Thiong'o, Kennedy, , , , , , , , , 
Submitter:                    Henne, Stefan, , , , , , , , , 
Submitter:                    Klausen, Joerg, , , , , , , , , 
starttime endtime CO CO flag
[from data line 4094]
321.541667 321.583333   97.26  16.15 0.000
321.583333 321.625000  100.20  15.93 0.000
321.625000 321.666667   85.35  15.21 0.000
321.666667 321.708333   87.16  14.93 0.000
321.708333 321.750000   99.02  16.23 0.000
321.750000 321.791667  100.97  16.01 0.000
321.791667 321.833333   90.91  16.03 0.000
321.833333 321.875000   93.24  15.37 0.000
321.875000 321.916667   92.72  15.86 0.000
321.916667 321.958333   84.81  14.76 0.000
321.958333 322.000000   96.06  16.29 0.000
322.000000 322.041667   88.49  15.03 0.000
322.041667 322.083333   81.95  15.51 0.000
322.083333 322.125000   88.89  15.08 0.000
322.125000 322.166667   84.43  15.25 0.000
322.166667 322.208333   88.72  15.05 0.000
322.208333 322.250000   85.25  15.35 0.000
322.250000 322.291667   77.98  14.26 0.000
322.291667 322.333333   85.88  15.44 0.000
322.333333 322.375000   98.88  15.90 0.000
322.375000 322.416667   87.43  15.89 0.000
322.416667 322.458333   96.85  15.76 0.000
322.458333 322.500000   91.79  16.62 0.000
322.500000 322.541667   93.25  15.40 0.000
322.541667 322.583333   91.20  15.71 0.000
322.583333 322.625000   99.80  15.90 0.000
322.625000 322.666667   92.88  16.15 0.000
322.666667 322.708333   90.16  15.20 0.000
322.708333 322.750000   91.61  15.65 0.000
322.750000 322.791667   90.39  15.19 0.000
322.791667 322.833333   97.53  16.44 0.000
322.833333 322.875000   96.61  15.65 0.000
322.875000 322.916667   92.88  15.89 0.000
322.916667 322.958333   95.04  15.54 0.000
322.958333 323.000000   81.78  15.07 0.000
323.000000 323.041667   89.04  15.11 0.000
323.041667 323.083333   94.61  16.01 0.000
323.083333 323.125000   94.76  15.49 0.000
323.125000 323.166667   89.94  15.61 0.000
323.166667 323.208333   92.79  15.35 0.000
323.208333 323.250000   91.90  15.95 0.000
323.250000 323.291667   92.40  15.35 0.000
323.291667 323.333333   81.38  15.54 0.000
323.333333 323.375000   90.94  15.23 0.000
323.375000 323.416667   93.86  16.61 0.000
323.416667 323.458333   96.71  15.65 0.000
323.458333 323.500000   90.41  16.20 0.000
323.500000 323.541667   86.48  14.87 0.000
323.541667 323.583333  100.47  17.17 0.000
323.583333 323.625000  103.01  16.18 0.000
323.625000 323.666667   84.39  15.61 0.000
323.666667 323.708333   87.50  14.97 0.000
323.708333 323.750000   90.23  15.68 0.000
323.750000 323.791667   91.19  15.23 0.000
323.791667 323.833333   93.20  16.09 0.000
323.833333 323.875000   91.47  15.24 0.000
323.875000 323.916667   82.76  15.43 0.000
323.916667 323.958333   86.00  14.82 0.000
323.958333 324.000000   82.30  15.11 0.000
324.000000 324.041667   85.25  14.76 0.000
324.041667 324.083333   82.50  15.01 0.000
324.083333 324.125000   86.14  14.84 0.000
324.125000 324.166667   90.40  15.59 0.000
324.166667 324.208333   92.88  15.40 0.000
324.208333 324.250000   83.19  15.75 0.000
324.250000 324.291667   92.73  15.38 0.000
324.291667 324.333333   91.49  15.73 0.000
324.333333 324.375000   92.03  15.26 0.000
324.375000 324.416667   85.80  15.90 0.000
324.416667 324.458333   97.16  15.71 0.000
324.458333 324.500000   94.76  16.60 0.000
324.500000 324.541667   99.09  15.82 0.000
324.541667 324.583333   85.57  15.98 0.000
324.583333 324.625000   89.18  15.06 0.000
324.625000 324.666667   95.71  16.24 0.000
324.666667 324.708333   91.45  15.27 0.000
324.708333 324.750000   95.98  15.95 0.000
324.750000 324.791667   93.61  15.39 0.000
324.791667 324.833333   85.94  15.31 0.000
324.833333 324.875000   90.11  15.11 0.000
324.875000 324.916667   88.61  15.69 0.000
324.916667 324.958333   91.51  15.24 0.000
324.958333 325.000000   81.83  14.96 0.000
325.000000 325.041667   82.09  14.54 0.000
325.041667 325.083333   76.52  14.62 0.000
325.083333 325.125000   79.55  14.40 0.000
325.125000 325.166667   81.46  15.07 0.000
325.166667 325.208333   87.67  14.95 0.000
325.208333 325.250000   91.59  16.16 0.000
325.250000 325.291667   86.20  14.91 0.000
325.291667 325.333333   83.49  15.28 0.000
325.333333 325.375000   79.20  14.36 0.000
325.375000 325.416667   70.90 999.99 0.000
325.416667 325.458333   62.30 999.99 0.000
325.458333 325.500000 9999.99 999.99 0.999
325.500000 325.541667 9999.99 999.99 0.999
325.541667 325.583333  105.00  17.37 0.000
325.583333 325.625000  105.69  16.39 0.000
325.625000 325.666667   91.26  15.71 0.000
325.666667 325.708333   90.18  15.20 0.000
325.708333 325.750000   94.38  16.48 0.000
325.750000 325.791667  104.43  16.28 0.000
325.791667 325.833333   99.07  16.72 0.000
325.833333 325.875000  109.10  16.69 0.000
325.875000 325.916667   95.67  16.16 0.000
325.916667 325.958333  103.28  16.17 0.000
325.958333 326.000000   91.69  15.67 0.000
326.000000 326.041667   93.42  15.39 0.000
326.041667 326.083333   89.28  16.02 0.000
326.083333 326.125000   87.75  14.97 0.000
326.125000 326.166667   83.97  15.41 0.000
326.166667 326.208333   94.32  15.47 0.000
326.208333 326.250000   94.11  16.29 0.000
326.250000 326.291667  103.90  16.22 0.000
326.291667 326.333333 9999.99 999.99 0.999
326.333333 326.375000 9999.99 999.99 0.999
326.375000 326.416667  106.28  17.06 0.000
326.416667 326.458333  114.31  17.07 0.000
326.458333 326.500000   93.37  15.83 0.000
326.500000 326.541667  105.62  16.44 0.000
326.541667 326.583333   93.39  15.83 0.000
326.583333 326.625000   97.49  15.73 0.000
326.625000 326.666667   91.54  15.71 0.000
326.666667 326.708333  106.88  16.50 0.000
326.708333 326.750000   87.57  15.57 0.000
326.750000 326.791667   90.94  15.33 0.000
326.791667 326.833333   80.90  15.30 0.000
326.833333 326.875000   84.73  14.75 0.000
326.875000 326.916667   84.71  15.54 0.000
326.916667 326.958333   90.51  15.19 0.000
326.958333 327.000000   89.75  15.50 0.000
327.000000 327.041667   82.07  14.57 0.000
327.041667 327.083333   82.17  15.02 0.000
327.083333 327.125000   82.35  14.58 0.000
327.125000 327.166667   85.66  15.48 0.000
327.166667 327.208333   89.40  15.11 0.000
327.208333 327.250000   91.13  16.34 0.000
327.250000 327.291667   95.46  15.55 0.000
327.291667 327.333333   87.48  15.51 0.000
327.333333 327.375000   95.00  15.57 0.000
327.375000 327.416667  103.06  16.70 0.000
327.416667 327.458333   99.95  15.92 0.000
327.458333 327.500000  112.80  17.41 0.000
327.500000 327.541667  115.15  17.16 0.000
327.541667 327.583333   95.74  16.14 0.000
327.583333 327.625000   98.13  15.84 0.000
327.625000 327.666667  108.43  18.31 0.000
327.666667 327.708333  100.27  15.98 0.000
327.708333 327.750000  100.92  16.36 0.000
327.750000 327.791667   99.22  15.84 0.000
327.791667 327.833333   97.61  16.27 0.000
327.833333 327.875000   91.67  15.28 0.000
327.875000 327.916667   95.12  16.50 0.000
327.916667 327.958333   96.30  15.68 0.000
327.958333 328.000000   91.14  16.08 0.000
328.000000 328.041667   86.82  14.92 0.000
328.041667 328.083333   83.53  15.63 0.000
328.083333 328.125000   84.32  14.80 0.000
328.125000 328.166667   96.72  16.20 0.000
328.166667 328.208333   99.32  15.85 0.000
328.208333 328.250000   91.52  16.03 0.000
328.250000 328.291667   93.70  15.42 0.000
328.291667 328.333333   88.51  16.09 0.000
328.333333 328.375000   90.44  15.20 0.000
328.375000 328.416667   92.63  15.91 0.000
328.416667 328.458333   95.51  15.62 0.000
328.458333 328.500000   88.26  15.49 0.000
328.500000 328.541667  100.93  16.11 0.000
328.541667 328.583333   97.50  16.20 0.000
328.583333 328.625000  109.91  16.80 0.000
328.625000 328.666667  103.12  16.69 0.000
328.666667 328.708333  105.28  16.34 0.000
328.708333 328.750000   97.72  16.16 0.000
328.750000 328.791667   99.78  15.91 0.000
328.791667 328.833333  101.28  16.59 0.000
328.833333 328.875000  103.21  16.18 0.000
328.875000 328.916667   88.65  15.45 0.000
328.916667 328.958333   86.29  14.87 0.000
328.958333 329.000000   89.36  16.73 0.000
329.000000 329.041667   87.61  14.95 0.000
329.041667 329.083333   83.01  15.59 0.000
329.083333 329.125000   85.63  14.83 0.000
329.125000 329.166667   87.66  15.77 0.000
329.166667 329.208333   91.80  15.28 0.000
329.208333 329.250000   99.37  17.24 0.000
329.250000 329.291667  103.11  16.15 0.000
329.291667 329.333333 9999.99 999.99 0.999
329.333333 329.375000 9999.99 999.99 0.999
329.375000 329.416667  105.66  17.15 0.000
329.416667 329.458333  108.81  16.74 0.000
329.458333 329.500000  114.62  17.74 0.000
329.500000 329.541667  118.88  17.55 0.000
329.541667 329.583333  102.53  17.33 0.000
329.583333 329.625000  100.75  16.04 0.000
329.625000 329.666667  100.42  17.26 0.000
329.666667 329.708333  100.57  16.01 0.000
329.708333 329.750000   99.41  16.80 0.000
329.750000 329.791667   96.18  15.72 0.000
329.791667 329.833333   93.63  15.99 0.000
329.833333 329.875000   94.56  15.57 0.000
329.875000 329.916667   95.78  16.26 0.000
329.916667 329.958333   92.64  15.41 0.000
329.958333 330.000000   91.60  16.17 0.000
330.000000 330.041667  107.10  16.50 0.000
330.041667 330.083333  108.30  17.68 0.000
330.083333 330.125000  106.49  16.50 0.000
330.125000 330.166667  107.46  17.11 0.000
330.166667 330.208333  108.84  16.67 0.000
330.208333 330.250000  115.67  17.67 0.000
330.250000 330.291667  117.08  17.39 0.000
330.291667 330.333333  107.59  17.19 0.000
330.333333 330.375000  109.80  16.73 0.000
330.375000 330.416667  111.60  17.70 0.000
330.416667 330.458333  108.56  16.67 0.000
330.458333 330.500000  115.33  17.81 0.000
330.500000 330.541667  117.69  17.41 0.000
330.541667 330.583333  107.67  17.58 0.000
330.583333 330.625000  105.71  16.41 0.000
330.625000 330.666667  105.74  17.07 0.000
330.666667 330.708333  110.16  16.81 0.000
330.708333 330.750000   98.12  16.62 0.000
330.750000 330.791667   97.32  15.75 0.000
330.791667 330.833333   94.27  16.17 0.000
330.833333 330.875000   96.86  15.72 0.000
330.875000 330.916667  101.38  16.65 0.000
330.916667 330.958333  100.79  16.03 0.000
330.958333 331.000000  110.69  17.93 0.000
331.000000 331.041667  103.88  16.27 0.000
331.041667 331.083333  115.86  17.89 0.000
331.083333 331.125000  112.96  17.01 0.000
331.125000 331.166667  109.37  17.33 0.000
331.166667 331.208333  111.49  16.89 0.000
331.208333 331.250000  116.16  18.07 0.000
331.250000 331.291667  112.58  17.12 0.000
331.291667 331.333333  116.91  17.77 0.000
331.333333 331.375000  117.18  17.33 0.000
331.375000 331.416667  112.27  17.54 0.000
331.416667 331.458333  122.97  17.95 0.000
331.458333 331.500000  108.82  17.32 0.000
331.500000 331.541667  103.06  16.18 0.000
331.541667 331.583333  100.22  16.55 0.000
331.583333 331.625000  106.60  16.53 0.000
331.625000 331.666667   89.20  17.13 0.000
331.666667 331.708333   93.70  15.44 0.000
331.708333 331.750000  103.30  16.67 0.000
331.750000 331.791667   99.80  15.99 0.000
331.791667 331.833333  104.05  16.68 0.000
331.833333 331.875000   94.78  15.54 0.000
331.875000 331.916667   81.03  15.50 0.000
331.916667 331.958333   83.61  14.76 0.000
331.958333 332.000000  109.73  17.22 0.000
332.000000 332.041667  115.16  17.23 0.000
332.041667 332.083333  104.03  16.86 0.000
332.083333 332.125000  104.83  16.29 0.000
332.125000 332.166667  109.51  17.42 0.000
332.166667 332.208333  111.11  16.89 0.000
332.208333 332.250000  105.91  16.93 0.000
332.250000 332.291667  109.17  16.65 0.000
332.291667 332.333333  112.59  17.89 0.000
332.333333 332.375000  112.64  16.94 0.000
332.375000 332.416667  109.52  17.23 0.000
332.416667 332.458333  115.55  17.21 0.000
332.458333 332.500000  107.81  17.39 0.000
332.500000 332.541667  109.22  16.72 0.000
332.541667 332.583333  117.09  17.76 0.000
332.583333 332.625000  118.89  17.51 0.000
332.625000 332.666667   88.72  15.64 0.000
332.666667 332.708333   97.64  15.82 0.000
332.708333 332.750000   87.31  15.37 0.000
332.750000 332.791667   93.24  15.38 0.000
332.791667 332.833333   77.65  14.71 0.000
332.833333 332.875000   90.70  15.25 0.000
332.875000 332.916667   93.55  15.90 0.000
332.916667 332.958333   94.49  15.50 0.000
332.958333 333.000000   81.32  15.06 0.000
333.000000 333.041667   86.79  14.91 0.000
333.041667 333.083333  103.32  16.73 0.000
333.083333 333.125000  111.59  16.94 0.000
333.125000 333.166667  112.70  17.87 0.000
333.166667 333.208333  111.97  16.92 0.000
333.208333 333.250000   79.05  15.75 0.000
333.250000 333.291667   85.86  14.93 0.000
333.291667 333.333333 9999.99 999.99 0.999
333.333333 333.375000 9999.99 999.99 0.999
333.375000 333.416667  107.89 999.99 0.000
333.416667 333.458333  110.46 999.99 0.000
333.458333 333.500000  103.16 999.99 0.000
333.500000 333.541667  116.42 999.99 0.000
333.541667 333.583333  105.94  17.50 0.000
333.583333 333.625000  109.49  16.71 0.000
333.625000 333.666667  104.04  16.81 0.000
333.666667 333.708333   97.25  15.72 0.000
333.708333 333.750000   98.86  16.71 0.000
333.750000 333.791667  107.26  16.49 0.000
333.791667 333.833333  101.72  16.57 0.000
333.833333 333.875000  108.61  16.62 0.000
333.875000 333.916667   98.72  17.12 0.000
333.916667 333.958333   99.56  15.92 0.000
333.958333 334.000000   88.18  15.49 0.000
334.000000 334.041667   86.57  14.90 0.000
334.041667 334.083333   74.12  14.94 0.000
334.083333 334.125000   79.09  14.36 0.000
334.125000 334.166667   80.02  14.88 0.000
334.166667 334.208333   79.49  14.41 0.000
334.208333 334.250000   83.66  17.94 0.000
334.250000 334.291667   86.16  14.88 0.000
334.291667 334.333333   82.61  15.10 0.000
334.333333 334.375000   95.12  15.68 0.000
334.375000 334.416667  110.98  18.40 0.000
334.416667 334.458333  118.52  17.48 0.000
334.458333 334.500000   92.76  15.98 0.000
334.500000 334.541667   94.18  15.46 0.000
334.541667 334.583333   96.07  17.57 0.000
334.583333 334.625000   94.62  15.49 0.000
334.625000 334.666667   68.92  14.85 0.000
334.666667 334.708333   72.44  13.91 0.000
334.708333 334.750000   81.06  15.02 0.000
334.750000 334.791667   86.24  14.86 0.000
334.791667 334.833333   75.38  14.70 0.000
334.833333 334.875000   74.36  14.04 0.000
334.875000 334.916667   77.64  14.69 0.000
334.916667 334.958333   82.37  14.64 0.000
334.958333 335.000000  101.96  16.77 0.000
335.000000 335.041667   97.30  15.75 0.000
335.041667 335.083333   93.62  16.59 0.000
335.083333 335.125000   84.48  14.77 0.000
335.125000 335.166667   76.15  14.85 0.000
335.166667 335.208333   88.89  15.08 0.000
335.208333 335.250000   74.29  15.34 0.000
335.250000 335.291667   90.59  15.19 0.000
335.291667 335.333333   89.91  15.50 0.000
335.333333 335.375000   87.01  14.92 0.000
335.375000 335.416667   86.24  16.10 0.000
335.416667 335.458333   93.19  15.40 0.000
335.458333 335.500000   89.92  15.75 0.000
335.500000 335.541667   88.83  15.07 0.000
335.541667 335.583333   95.11  16.25 0.000
335.583333 335.625000   87.42  15.11 0.000
335.625000 335.666667   86.22  15.31 0.000
335.666667 335.708333   82.00  14.58 0.000
335.708333 335.750000   86.99  15.30 0.000
335.750000 335.791667   86.87  14.93 0.000
335.791667 335.833333   66.16  14.42 0.000
335.833333 335.875000   70.11  13.80 0.000
335.875000 335.916667   76.99  14.82 0.000
335.916667 335.958333   81.94  14.54 0.000
335.958333 336.000000   77.68  14.71 0.000
336.000000 336.041667   79.06  14.40 0.000
336.041667 336.083333   81.44  15.23 0.000
336.083333 336.125000   79.54  14.41 0.000
336.125000 336.166667   79.58  14.86 0.000
336.166667 336.208333   88.00  14.99 0.000
336.208333 336.250000   82.81  15.46 0.000
336.250000 336.291667   87.91  15.11 0.000
336.291667 336.333333   86.51  15.47 0.000
336.333333 336.375000   85.72  14.85 0.000
336.375000 336.416667   91.21  15.81 0.000
336.416667 336.458333   92.81  15.42 0.000
336.458333 336.500000  100.86  16.48 0.000
336.500000 336.541667  105.33  16.35 0.000
336.541667 336.583333   91.03  16.90 0.000
336.583333 336.625000  115.67  17.26 0.000
336.625000 336.666667   82.93  15.21 0.000
336.666667 336.708333   80.63  14.48 0.000
336.708333 336.750000   89.86  16.69 0.000
336.750000 336.791667   90.57  15.32 0.000
336.791667 336.833333   76.35  14.68 0.000
336.833333 336.875000   89.84  15.23 0.000
336.875000 336.916667   80.00  14.95 0.000
336.916667 336.958333   89.12  15.10 0.000
336.958333 337.000000   92.34  16.45 0.000
