data/ebas/co/KE0001G.20020531230000.20100323000000.ndir.carbon_monoxide.air.7mo.1h.CH01L_TEI-48C_TL_MKN.CH01L_ndir..nas
57 1001
Henne, Stefan; Aseyo, John; Thiong'o, Kennedy
CH01L, Swiss Federal Laboratories for Materials Science and Technology, EMPA, Section Air Pollution, Überlandstrasse 133, , 8600, Dübendorf, Switzerland
Henne, Stefan; Klausen, Joerg
Independent sel_HTAP
1 1
2002 01 01 2010 03 23
0.041667
days from file reference point
4
1 1 1 1
999.999999 9999.99 999.99 9.999
end_time of measurement, days from the file reference point
carbon_monoxide, nmol/mol, Statistics=arithmetic mean
carbon_monoxide, nmol/mol, Statistics=stddev
numflag, no unit
0
39
Data definition:              EBAS_1.1
Set type code:                TU
Timezone:                     UTC
File name:                    KE0001G.20020531230000.20100323000000.ndir.carbon_monoxide.air.7mo.1h.CH01L_TEI-48C_TL_MKN.CH01L_ndir..nas
File creation:                20220610064446426000
Export state:                 20220610064431313000
Export filter:                exclude-900,exclude-invalid
Startdate:                    20020531230000
Revision date:                20100323000000
Data level:                   
Period code:                  7mo
Resolution code:              1h
Station code:                 KE0001G
Platform code:                KE0001S
Station name:                 Mt. Kenya
Station WDCA-ID:              GAWAKE__MKN
Station GAW-ID:               MKN
Station GAW-Name:             Mt. Kenya
Station land use:             Grassland
Station setting:              Mountain
Station GAW type:             G
Station WMO region:           1
Station latitude:             -0.0622
Station longitude:            37.2972
Station altitude:             3678.0 m
Regime:                       IMG
Component:                    carbon_monoxide
Unit:                         nmol/mol
Matrix:                       air
Laboratory code:              CH01L
Instrument type:              ndir
Instrument name:              TEI-48C_TL_MKN
Method ref:                   CH01L_ndir
Originator:                   Henne, Stefan, , , , , , , , , 
Originator:                   Aseyo, John, , , , , , , , , 
Originator:                   Thiong'o, Kennedy, , , , , , , , , 
Submitter:                    Henne, Stefan, , , , , , , , , 
Submitter:                    Klausen, Joerg, , , , , , , , , 
starttime endtime CO CO flag
[from data line 1861]
228.500000 228.541667 9999.99 999.99 0.999
228.541667 228.583333 9999.99 999.99 0.999
228.583333 228.625000 9999.99 999.99 0.999
228.625000 228.666667 9999.99 999.99 0.999
228.666667 228.708333 9999.99 999.99 0.999
228.708333 228.750000 9999.99 999.99 0.999
228.750000 228.791667 9999.99 999.99 0.999
228.791667 228.833333   86.06  15.60 0.000
228.833333 228.875000   82.88  14.65 0.000
228.875000 228.916667   80.14  15.03 0.000
228.916667 228.958333   84.74  14.73 0.000
228.958333 229.000000   80.86  15.39 0.000
229.000000 229.041667   81.26  14.70 0.000
229.041667 229.083333   66.80  14.44 0.000
229.083333 229.125000   71.70  14.19 0.000
229.125000 229.166667   76.33  14.90 0.000
229.166667 229.208333   87.57  15.02 0.000
229.208333 229.250000   70.47  14.54 0.000
229.250000 229.291667   83.37  14.64 0.000
229.291667 229.333333   91.10  15.65 0.000
229.333333 229.375000  101.95  16.20 0.000
229.375000 229.416667   98.43  17.17 0.000
229.416667 229.458333   96.86  15.80 0.000
229.458333 229.500000   90.05  15.84 0.000
229.500000 229.541667   94.08  15.66 0.000
229.541667 229.583333   80.44 999.99 0.000
229.583333 229.625000   71.92 999.99 0.000
229.625000 229.666667   61.30 999.99 0.000
229.666667 229.708333   76.29 999.99 0.000
229.708333 229.750000   79.11  15.58 0.000
229.750000 229.791667   79.31  14.40 0.000
229.791667 229.833333   77.10  15.38 0.000
229.833333 229.875000   78.98  14.39 0.000
229.875000 229.916667   80.58  14.82 0.000
229.916667 229.958333   83.90  17.01 0.000
229.958333 230.000000   75.49  15.03 0.000
230.000000 230.041667   83.20  15.22 0.000
230.041667 230.083333   87.52  16.11 0.000
230.083333 230.125000   84.22  15.03 0.000
230.125000 230.166667   85.75  15.79 0.000
230.166667 230.208333   92.27  15.27 0.000
230.208333 230.250000   83.10  15.82 0.000
230.250000 230.291667   87.95  15.05 0.000
230.291667 230.333333   88.66  15.68 0.000
230.333333 230.375000   95.68  15.98 0.000
230.375000 230.416667  100.44  17.09 0.000
230.416667 230.458333  105.94  16.69 0.000
230.458333 230.500000   87.75  15.93 0.000
230.500000 230.541667   84.19  14.67 0.000
230.541667 230.583333   84.48  16.09 0.000
230.583333 230.625000   85.57  14.83 0.000
230.625000 230.666667   71.69  14.76 0.000
230.666667 230.708333   77.41  15.07 0.000
230.708333 230.750000   78.26  15.23 0.000
230.750000 230.791667   85.96  14.84 0.000
230.791667 230.833333   87.52  15.49 0.000
230.833333 230.875000   87.96  15.16 0.000
230.875000 230.916667   88.78  15.79 0.000
230.916667 230.958333   90.59  15.24 0.000
230.958333 231.000000   85.47  15.56 0.000
231.000000 231.041667   97.06  16.16 0.000
231.041667 231.083333   85.60  16.01 0.000
231.083333 231.125000   83.50  14.62 0.000
231.125000 231.166667   83.00  15.45 0.000
231.166667 231.208333   89.30  15.29 0.000
231.208333 231.250000   76.01  14.98 0.000
231.250000 231.291667   85.00  14.83 0.000
231.291667 231.333333   92.67  16.41 0.000
231.333333 231.375000   89.85  15.17 0.000
231.375000 231.416667   88.64  15.75 0.000
231.416667 231.458333   98.15  15.92 0.000
231.458333 231.500000  112.03  18.02 0.000
231.500000 231.541667  102.07  16.13 0.000
231.541667 231.583333   94.82  16.22 0.000
231.583333 231.625000   93.60  15.46 0.000
231.625000 231.666667   93.53  15.84 0.000
231.666667 231.708333   87.52  15.47 0.000
231.708333 231.750000   81.06  16.23 0.000
231.750000 231.791667   82.90  14.93 0.000
231.791667 231.833333   79.89  15.44 0.000
231.833333 231.875000   83.83  14.88 0.000
231.875000 231.916667   84.97  15.13 0.000
231.916667 231.958333   90.99  15.66 0.000
231.958333 232.000000   79.83  15.34 0.000
232.000000 232.041667   87.67  15.23 0.000
232.041667 232.083333   83.90  15.90 0.000
232.083333 232.125000   82.70  14.95 0.000
232.125000 232.166667   86.22  15.16 0.000
232.166667 232.208333   95.63  15.93 0.000
232.208333 232.250000   80.29  16.35 0.000
232.250000 232.291667   91.79  15.40 0.000
232.291667 232.333333 9999.99 999.99 0.999
232.333333 232.375000 9999.99 999.99 0.999
232.375000 232.416667 9999.99 999.99 0.999
232.416667 232.458333 9999.99 999.99 0.999
232.458333 232.500000 9999.99 999.99 0.999
232.500000 232.541667 9999.99 999.99 0.999
232.541667 232.583333 9999.99 999.99 0.999
232.583333 232.625000 9999.99 999.99 0.999
232.625000 232.666667   87.03  15.38 0.000
232.666667 232.708333   98.36  15.99 0.000
232.708333 232.750000  108.60  17.60 0.000
232.750000 232.791667   93.94  17.98 0.000
232.791667 232.833333  109.61  17.65 0.000
232.833333 232.875000   95.17  15.72 0.000
232.875000 232.916667   86.52  16.28 0.000
232.916667 232.958333   91.92  15.49 0.000
232.958333 233.000000   87.02  16.28 0.000
233.000000 233.041667   95.34  15.78 0.000
233.041667 233.083333   94.48  16.25 0.000
233.083333 233.125000   94.65  15.84 0.000
233.125000 233.166667   88.84  15.68 0.000
233.166667 233.208333   91.72  15.35 0.000
233.208333 233.250000   85.07  15.54 0.000
233.250000 233.291667   89.30  15.54 0.000
233.291667 233.333333 9999.99 999.99 0.999
233.333333 233.375000 9999.99 999.99 0.999
233.375000 233.416667 9999.99 999.99 0.999
233.416667 233.458333 9999.99 999.99 0.999
233.458333 233.500000 9999.99 999.99 0.999
233.500000 233.541667 9999.99 999.99 0.999
233.541667 233.583333 9999.99 999.99 0.999
233.583333 233.625000 9999.99 999.99 0.999
233.625000 233.666667 9999.99 999.99 0.999
233.666667 233.708333 9999.99 999.99 0.999
233.708333 233.750000 9999.99 999.99 0.999
233.750000 233.791667   97.23  16.84 0.000
233.791667 233.833333   99.07  15.93 0.000
233.833333 233.875000   92.08  15.79 0.000
233.875000 233.916667   93.50  16.23 0.000
233.916667 233.958333   87.59  16.30 0.000
233.958333 234.000000   90.44  15.27 0.000
234.000000 234.041667   87.44  15.48 0.000
234.041667 234.083333   90.74  15.24 0.000
234.083333 234.125000   89.17  16.90 0.000
234.125000 234.166667   87.88  15.04 0.000
234.166667 234.208333   89.09  16.18 0.000
234.208333 234.250000   91.81  15.52 0.000
234.250000 234.291667   90.72  15.66 0.000
234.291667 234.333333  107.63  16.77 0.000
234.333333 234.375000 9999.99 999.99 0.999
234.375000 234.416667 9999.99 999.99 0.999
234.416667 234.458333 9999.99 999.99 0.999
234.458333 234.500000 9999.99 999.99 0.999
234.500000 234.541667 9999.99 999.99 0.999
234.541667 234.583333 9999.99 999.99 0.999
234.583333 234.625000 9999.99 999.99 0.999
234.625000 234.666667 9999.99 999.99 0.999
234.666667 234.708333 9999.99 999.99 0.999
234.708333 234.750000 9999.99 999.99 0.999
234.750000 234.791667   76.96  15.23 0.000
234.791667 234.833333   86.86  15.37 0.000
234.833333 234.875000   66.85  17.14 0.000
234.875000 234.916667   68.82  13.92 0.000
234.916667 234.958333   74.10  15.72 0.000
234.958333 235.000000   70.40  13.95 0.000
235.000000 235.041667   82.29  15.31 0.000
235.041667 235.083333   82.78  15.01 0.000
235.083333 235.125000   80.23  15.36 0.000
235.125000 235.166667   76.57  14.41 0.000
235.166667 235.208333   82.92  15.88 0.000
235.208333 235.250000   82.05  14.63 0.000
235.250000 235.291667 9999.99 999.99 0.999
235.291667 235.333333 9999.99 999.99 0.999
235.333333 235.375000 9999.99 999.99 0.999
235.375000 235.416667 9999.99 999.99 0.999
235.416667 235.458333 9999.99 999.99 0.999
235.458333 235.500000 9999.99 999.99 0.999
235.500000 235.541667 9999.99 999.99 0.999
235.541667 235.583333 9999.99 999.99 0.999
235.583333 235.625000 9999.99 999.99 0.999
235.625000 235.666667 9999.99 999.99 0.999
235.666667 235.708333  102.12  17.12 0.000
235.708333 235.750000   85.96  15.02 0.000
235.750000 235.791667   65.24  15.07 0.000
235.791667 235.833333   76.28  14.19 0.000
235.833333 235.875000   68.32  14.28 0.000
235.875000 235.916667   73.83  13.98 0.000
235.916667 235.958333   78.49  15.52 0.000
235.958333 236.000000   92.68  15.30 0.000
236.000000 236.041667   77.86  14.93 0.000
236.041667 236.083333   86.10  14.86 0.000
236.083333 236.125000   79.91  15.24 0.000
236.125000 236.166667   76.70  14.15 0.000
236.166667 236.208333   84.06  16.10 0.000
236.208333 236.250000   82.76  14.57 0.000
236.250000 236.291667   91.12  15.97 0.000
236.291667 236.333333   97.29  15.71 0.000
236.333333 236.375000  102.21  16.97 0.000
236.375000 236.416667  106.87  16.45 0.000
236.416667 236.458333   96.01  17.50 0.000
236.458333 236.500000   99.32  15.84 0.000
236.500000 236.541667   83.57  15.46 0.000
236.541667 236.583333   75.40  14.07 0.000
236.583333 236.625000   91.39  17.02 0.000
236.625000 236.666667   93.56  15.38 0.000
236.666667 236.708333   69.41  14.57 0.000
236.708333 236.750000   66.77  13.55 0.000
236.750000 236.791667   70.80  14.68 0.000
236.791667 236.833333   79.43  14.36 0.000
236.833333 236.875000   72.15  14.47 0.000
236.875000 236.916667   82.76  14.59 0.000
236.916667 236.958333   78.47  15.40 0.000
236.958333 237.000000   83.88  14.65 0.000
237.000000 237.041667   74.16  14.89 0.000
237.041667 237.083333   80.76  14.50 0.000
237.083333 237.125000   69.25  14.12 0.000
237.125000 237.166667   78.15  14.23 0.000
237.166667 237.208333   79.13  15.14 0.000
237.208333 237.250000   80.96  14.44 0.000
237.250000 237.291667   63.34  14.57 0.000
237.291667 237.333333   74.81  14.15 0.000
237.333333 237.375000   83.62  15.73 0.000
237.375000 237.416667   76.15  14.13 0.000
237.416667 237.458333   75.45  14.86 0.000
237.458333 237.500000   86.41  14.89 0.000
237.500000 237.541667   68.87  14.23 0.000
237.541667 237.583333   81.23  14.47 0.000
237.583333 237.625000   77.63  15.12 0.000
237.625000 237.666667   87.71  14.93 0.000
237.666667 237.708333   71.92  15.21 0.000
237.708333 237.750000   78.21  14.27 0.000
237.750000 237.791667   80.83  14.92 0.000
237.791667 237.833333   87.30  14.94 0.000
237.833333 237.875000   86.58  15.24 0.000
237.875000 237.916667   90.30  15.17 0.000
237.916667 237.958333   73.86  14.79 0.000
237.958333 238.000000   77.06  14.22 0.000
238.000000 238.041667   70.63  15.30 0.000
238.041667 238.083333   80.43  14.43 0.000
238.083333 238.125000   71.92  14.49 0.000
238.125000 238.166667   69.31  13.71 0.000
238.166667 238.208333   79.93  14.88 0.000
238.208333 238.250000   86.42  14.85 0.000
238.250000 238.291667   82.80  15.64 0.000
238.291667 238.333333   96.59  15.68 0.000
238.333333 238.375000 9999.99 999.99 0.999
238.375000 238.416667 9999.99 999.99 0.999
238.416667 238.458333   91.72 999.99 0.000
238.458333 238.500000   98.29  20.56 0.000
238.500000 238.541667  103.43  18.81 0.000
238.541667 238.583333   99.27  16.96 0.000
238.583333 238.625000   98.29  16.03 0.000
238.625000 238.666667   94.07  16.11 0.000
238.666667 238.708333   92.50  15.59 0.000
238.708333 238.750000   99.49  16.69 0.000
238.750000 238.791667   94.19  15.69 0.000
238.791667 238.833333   89.61  15.88 0.000
238.833333 238.875000   96.01  15.58 0.000
238.875000 238.916667   88.66  15.93 0.000
238.916667 238.958333   93.97  15.56 0.000
238.958333 239.000000   88.36  16.85 0.000
239.000000 239.041667   95.35  15.68 0.000
239.041667 239.083333   83.80  16.30 0.000
239.083333 239.125000   88.80  15.07 0.000
239.125000 239.166667   86.05  15.68 0.000
239.166667 239.208333   84.66  14.95 0.000
239.208333 239.250000   81.94  15.59 0.000
239.250000 239.291667   86.08  14.93 0.000
239.291667 239.333333   86.07  15.56 0.000
239.333333 239.375000   83.18  14.87 0.000
239.375000 239.416667   91.15  16.38 0.000
239.416667 239.458333  116.09  17.36 0.000
239.458333 239.500000   92.10  15.77 0.000
239.500000 239.541667  100.84  16.13 0.000
239.541667 239.583333   87.65  15.89 0.000
239.583333 239.625000   94.50  15.54 0.000
239.625000 239.666667  104.91  17.47 0.000
239.666667 239.708333  107.01  16.78 0.000
239.708333 239.750000   93.63  16.07 0.000
239.750000 239.791667   91.14  15.53 0.000
239.791667 239.833333   85.72  15.77 0.000
239.833333 239.875000   92.22  15.27 0.000
239.875000 239.916667   80.37  15.71 0.000
239.916667 239.958333   66.62  14.17 0.000
239.958333 240.000000   76.61  14.86 0.000
240.000000 240.041667   78.08  14.64 0.000
240.041667 240.083333   64.47  14.48 0.000
240.083333 240.125000   69.28  13.90 0.000
240.125000 240.166667   75.25  15.46 0.000
240.166667 240.208333   78.95  14.57 0.000
240.208333 240.250000   68.89  14.97 0.000
240.250000 240.291667   79.42  14.95 0.000
240.291667 240.333333   82.45  15.89 0.000
240.333333 240.375000   89.38  15.56 0.000
240.375000 240.416667   91.67  16.52 0.000
240.416667 240.458333   94.17  15.91 0.000
240.458333 240.500000 9999.99 999.99 0.999
240.500000 240.541667 9999.99 999.99 0.999
240.541667 240.583333 9999.99 999.99 0.999
240.583333 240.625000 9999.99 999.99 0.999
240.625000 240.666667 9999.99 999.99 0.999
240.666667 240.708333 9999.99 999.99 0.999
240.708333 240.750000 9999.99 999.99 0.999
240.750000 240.791667 9999.99 999.99 0.999
240.791667 240.833333   78.03  14.97 0.000
240.833333 240.875000   84.98  14.87 0.000
240.875000 240.916667   86.46  15.62 0.000
240.916667 240.958333   83.62  14.74 0.000
240.958333 241.000000   82.49  15.50 0.000
241.000000 241.041667   86.59  15.59 0.000
241.041667 241.083333   89.97  16.19 0.000
241.083333 241.125000   86.87  14.95 0.000
241.125000 241.166667   88.75  15.94 0.000
241.166667 241.208333   84.63  15.35 0.000
241.208333 241.250000   69.09  14.36 0.000
241.250000 241.291667   91.70  15.42 0.000
241.291667 241.333333 9999.99 999.99 0.999
241.333333 241.375000 9999.99 999.99 0.999
241.375000 241.416667 9999.99 999.99 0.999
241.416667 241.458333 9999.99 999.99 0.999
241.458333 241.500000 9999.99 999.99 0.999
241.500000 241.541667 9999.99 999.99 0.999
241.541667 241.583333   98.80  16.89 0.000
241.583333 241.625000  100.21  16.11 0.000
241.625000 241.666667   74.72  14.98 0.000
241.666667 241.708333   74.19  14.13 0.000
241.708333 241.750000   77.25  14.96 0.000
241.750000 241.791667   77.95  14.81 0.000
241.791667 241.833333   80.62  16.05 0.000
241.833333 241.875000   78.51  14.22 0.000
241.875000 241.916667   76.75  14.66 0.000
241.916667 241.958333   80.79  14.71 0.000
241.958333 242.000000   79.35  15.48 0.000
242.000000 242.041667   84.60  15.29 0.000
242.041667 242.083333   73.33  15.00 0.000
242.083333 242.125000   80.07  14.62 0.000
242.125000 242.166667   82.14  15.73 0.000
242.166667 242.208333   88.27  15.31 0.000
242.208333 242.250000   77.67  15.02 0.000
242.250000 242.291667   84.45  14.82 0.000
242.291667 242.333333   92.24  16.47 0.000
242.333333 242.375000   96.13  15.70 0.000
242.375000 242.416667   88.36  15.90 0.000
242.416667 242.458333   92.25  15.68 0.000
242.458333 242.500000 9999.99 999.99 0.999
242.500000 242.541667 9999.99 999.99 0.999
242.541667 242.583333 9999.99 999.99 0.999
242.583333 242.625000 9999.99 999.99 0.999
242.625000 242.666667   84.14  15.24 0.000
242.666667 242.708333   84.42  14.73 0.000
242.708333 242.750000   81.90  14.97 0.000
242.750000 242.791667   84.16  14.70 0.000
242.791667 242.833333   86.56  15.45 0.000
242.833333 242.875000   93.04  15.41 0.000
242.875000 242.916667   91.48  15.91 0.000
242.916667 242.958333   87.80  15.00 0.000
242.958333 243.000000   85.30  15.23 0.000
243.000000 243.041667   82.08  14.55 0.000
243.041667 243.083333   71.25  14.38 0.000
243.083333 243.125000   68.42  13.79 0.000
243.125000 243.166667   78.42  14.86 0.000
243.166667 243.208333   85.24  14.76 0.000
243.208333 243.250000   65.30  14.28 0.000
243.250000 243.291667   79.75  14.47 0.000
243.291667 243.333333   92.68  16.05 0.000
243.333333 243.375000  108.78  16.68 0.000
243.375000 243.416667  104.80  17.13 0.000
243.416667 243.458333  104.27  16.32 0.000
243.458333 243.500000  102.11  16.90 0.000
243.500000 243.541667   96.41  15.68 0.000
243.541667 243.583333  100.98  16.79 0.000
243.583333 243.625000  111.28  16.97 0.000
243.625000 243.666667  103.80  17.22 0.000
243.666667 243.708333   94.34  15.48 0.000
243.708333 243.750000   83.83  15.10 0.000
243.750000 243.791667   90.46  15.18 0.000
243.791667 243.833333   81.66  15.71 0.000
243.833333 243.875000   87.13  15.05 0.000
243.875000 243.916667   87.45  16.03 0.000
243.916667 243.958333   84.78  14.83 0.000
