data/ebas/co/KE0001G.20020531230000.20100323000000.ndir.carbon_monoxide.air.7mo.1h.CH01L_TEI-48C_TL_MKN.CH01L_ndir..nas
57 1001
Henne, Stefan; Aseyo, John; Thiong'o, Kennedy
CH01L, Swiss Federal Laboratories for Materials Science and Technology, EMPA, Section Air Pollution, Überlandstrasse 133, , 8600, Dübendorf, Switzerland
Henne, Stefan; Klausen, Joerg
Independent sel_HTAP
1 1
2002 01 01 2010 03 23
0.041667
days from file reference point
4
1 1 1 1
999.999999 9999.99 999.99 9.999
end_time of measurement, days from the file reference point
carbon_monoxide, nmol/mol, Statistics=arithmetic mean
carbon_monoxide, nmol/mol, Statistics=stddev
numflag, no unit
0
39
Data definition:              EBAS_1.1
Set type code:                TU
Timezone:                     UTC
File name:                    KE0001G.20020531230000.20100323000000.ndir.carbon_monoxide.air.7mo.1h.CH01L_TEI-48C_TL_MKN.CH01L_ndir..nas
File creation:                20220610064446426000
Export state:                 20220610064431313000
Export filter:                exclude-900,exclude-invalid
Startdate:                    20020531230000
Revision date:                20100323000000
Data level:                   
Period code:                  7mo
Resolution code:              1h
Station code:                 KE0001G
Platform code:                KE0001S
Station name:                 Mt. Kenya
Station WDCA-ID:              GAWAKE__MKN
Station GAW-ID:               MKN
Station GAW-Name:             Mt. Kenya
Station land use:             Grassland
Station setting:              Mountain
Station GAW type:             G
Station WMO region:           1
Station latitude:             -0.0622
Station longitude:            37.2972
Station altitude:             3678.0 m
Regime:                       IMG
Component:                    carbon_monoxide
Unit:                         nmol/mol
Matrix:                       air
Laboratory code:              CH01L
Instrument type:              ndir
Instrument name:              TEI-48C_TL_MKN
Method ref:                   CH01L_ndir
Originator:                   Henne, Stefan, , , , , , , , , 
Originator:                   Aseyo, John, , , , , , , , , 
Originator:                   Thiong'o, Kennedy, , , , , , , , , 
Submitter:                    Henne, Stefan, , , , , , , , , 
Submitter:                    Klausen, Joerg, , , , , , , , , 
starttime endtime CO CO flag
[from data line 2605]
259.500000 259.541667 9999.99 999.99 0.999
259.541667 259.583333 9999.99 999.99 0.999
259.583333 259.625000 9999.99 999.99 0.999
259.625000 259.666667 9999.99 999.99 0.999
259.666667 259.708333 9999.99 999.99 0.999
259.708333 259.750000 9999.99 999.99 0.999
259.750000 259.791667 9999.99 999.99 0.999
259.791667 259.833333 9999.99 999.99 0.999
259.833333 259.875000 9999.99 999.99 0.999
259.875000 259.916667   88.57  15.43 0.000
259.916667 259.958333   92.38  15.30 0.000
259.958333 260.000000 9999.99 999.99 0.999
260.000000 260.041667 9999.99 999.99 0.999
260.041667 260.083333 9999.99 999.99 0.999
260.083333 260.125000 9999.99 999.99 0.999
260.125000 260.166667 9999.99 999.99 0.999
260.166667 260.208333 9999.99 999.99 0.999
260.208333 260.250000 9999.99 999.99 0.999
260.250000 260.291667 9999.99 999.99 0.999
260.291667 260.333333 9999.99 999.99 0.999
260.333333 260.375000 9999.99 999.99 0.999
260.375000 260.416667 9999.99 999.99 0.999
260.416667 260.458333 9999.99 999.99 0.999
260.458333 260.500000 9999.99 999.99 0.999
260.500000 260.541667 9999.99 999.99 0.999
260.541667 260.583333 9999.99 999.99 0.999
260.583333 260.625000 9999.99 999.99 0.999
260.625000 260.666667 9999.99 999.99 0.999
260.666667 260.708333 9999.99 999.99 0.999
260.708333 260.750000 9999.99 999.99 0.999
260.750000 260.791667 9999.99 999.99 0.999
260.791667 260.833333 9999.99 999.99 0.999
260.833333 260.875000 9999.99 999.99 0.999
260.875000 260.916667 9999.99 999.99 0.999
260.916667 260.958333 9999.99 999.99 0.999
260.958333 261.000000 9999.99 999.99 0.999
261.000000 261.041667 9999.99 999.99 0.999
261.041667 261.083333 9999.99 999.99 0.999
261.083333 261.125000 9999.99 999.99 0.999
261.125000 261.166667 9999.99 999.99 0.999
261.166667 261.208333 9999.99 999.99 0.999
261.208333 261.250000 9999.99 999.99 0.999
261.250000 261.291667 9999.99 999.99 0.999
261.291667 261.333333 9999.99 999.99 0.999
261.333333 261.375000 9999.99 999.99 0.999
261.375000 261.416667 9999.99 999.99 0.999
261.416667 261.458333 9999.99 999.99 0.999
261.458333 261.500000 9999.99 999.99 0.999
261.500000 261.541667 9999.99 999.99 0.999
261.541667 261.583333 9999.99 999.99 0.999
261.583333 261.625000 9999.99 999.99 0.999
261.625000 261.666667 9999.99 999.99 0.999
261.666667 261.708333 9999.99 999.99 0.999
261.708333 261.750000 9999.99 999.99 0.999
261.750000 261.791667 9999.99 999.99 0.999
261.791667 261.833333 9999.99 999.99 0.999
261.833333 261.875000 9999.99 999.99 0.999
261.875000 261.916667 9999.99 999.99 0.999
261.916667 261.958333 9999.99 999.99 0.999
261.958333 262.000000 9999.99 999.99 0.999
262.000000 262.041667 9999.99 999.99 0.999
262.041667 262.083333 9999.99 999.99 0.999
262.083333 262.125000 9999.99 999.99 0.999
262.125000 262.166667 9999.99 999.99 0.999
262.166667 262.208333 9999.99 999.99 0.999
262.208333 262.250000 9999.99 999.99 0.999
262.250000 262.291667 9999.99 999.99 0.999
262.291667 262.333333 9999.99 999.99 0.999
262.333333 262.375000 9999.99 999.99 0.999
262.375000 262.416667 9999.99 999.99 0.999
262.416667 262.458333 9999.99 999.99 0.999
262.458333 262.500000 9999.99 999.99 0.999
262.500000 262.541667 9999.99 999.99 0.999
262.541667 262.583333 9999.99 999.99 0.999
262.583333 262.625000 9999.99 999.99 0.999
262.625000 262.666667 9999.99 999.99 0.999
262.666667 262.708333 9999.99 999.99 0.999
262.708333 262.750000 9999.99 999.99 0.999
262.750000 262.791667 9999.99 999.99 0.999
262.791667 262.833333 9999.99 999.99 0.999
262.833333 262.875000 9999.99 999.99 0.999
262.875000 262.916667 9999.99 999.99 0.999
262.916667 262.958333 9999.99 999.99 0.999
262.958333 263.000000 9999.99 999.99 0.999
263.000000 263.041667 9999.99 999.99 0.999
263.041667 263.083333 9999.99 999.99 0.999
263.083333 263.125000 9999.99 999.99 0.999
263.125000 263.166667 9999.99 999.99 0.999
263.166667 263.208333 9999.99 999.99 0.999
263.208333 263.250000 9999.99 999.99 0.999
263.250000 263.291667 9999.99 999.99 0.999
263.291667 263.333333 9999.99 999.99 0.999
263.333333 263.375000 9999.99 999.99 0.999
263.375000 263.416667 9999.99 999.99 0.999
263.416667 263.458333 9999.99 999.99 0.999
263.458333 263.500000 9999.99 999.99 0.999
263.500000 263.541667 9999.99 999.99 0.999
263.541667 263.583333 9999.99 999.99 0.999
263.583333 263.625000 9999.99 999.99 0.999
263.625000 263.666667 9999.99 999.99 0.999
263.666667 263.708333 9999.99 999.99 0.999
263.708333 263.750000 9999.99 999.99 0.999
263.750000 263.791667 9999.99 999.99 0.999
263.791667 263.833333   58.72  13.10 0.000
263.833333 263.875000   77.29  15.64 0.000
263.875000 263.916667   76.70  14.11 0.000
263.916667 263.958333   70.41  15.47 0.000
263.958333 264.000000   68.61  13.52 0.000
264.000000 264.041667   74.22  14.98 0.000
264.041667 264.083333   75.93  14.08 0.000
264.083333 264.125000   77.39  16.03 0.000
264.125000 264.166667   69.77  13.73 0.000
264.166667 264.208333   84.26  16.05 0.000
264.208333 264.250000   72.08  13.76 0.000
264.250000 264.291667   71.34  14.45 0.000
264.291667 264.333333  140.50  19.25 0.000
264.333333 264.375000  155.83  21.27 0.000
264.375000 264.416667  149.02  20.25 0.000
264.416667 264.458333  100.20  17.48 0.000
264.458333 264.500000   98.06  15.64 0.000
264.500000 264.541667   91.92  15.95 0.000
264.541667 264.583333   87.59  14.91 0.000
264.583333 264.625000   93.65  16.35 0.000
264.625000 264.666667   79.59  14.23 0.000
264.666667 264.708333   82.38  15.51 0.000
264.708333 264.750000   82.72  14.51 0.000
264.750000 264.791667   80.21  15.71 0.000
264.791667 264.833333   84.57  14.70 0.000
264.833333 264.875000   81.61  15.41 0.000
264.875000 264.916667   78.57  14.14 0.000
264.916667 264.958333   76.72  16.71 0.000
264.958333 265.000000   66.53  13.38 0.000
265.000000 265.041667   68.93  14.46 0.000
265.041667 265.083333   68.35  13.53 0.000
265.083333 265.125000   67.95  14.38 0.000
265.125000 265.166667   83.12  14.53 0.000
265.166667 265.208333   78.29  15.64 0.000
265.208333 265.250000   85.74 999.99 0.000
265.250000 265.291667   74.38 999.99 0.000
265.291667 265.333333   88.64  15.01 0.000
265.333333 265.375000  107.49  17.38 0.000
265.375000 265.416667  110.11  16.67 0.000
265.416667 265.458333   97.16  17.07 0.000
265.458333 265.500000 9999.99 999.99 0.999
265.500000 265.541667   87.26  22.57 0.000
265.541667 265.583333   73.52  16.97 0.000
265.583333 265.625000   79.21  14.81 0.000
265.625000 265.666667   73.73  15.08 0.000
265.666667 265.708333   76.10  14.42 0.000
265.708333 265.750000   74.30  15.00 0.000
265.750000 265.791667   80.02  14.99 0.000
265.791667 265.833333   82.67  15.36 0.000
265.833333 265.875000   82.58  15.51 0.000
265.875000 265.916667   79.47  15.03 0.000
265.916667 265.958333   85.33  14.94 0.000
265.958333 266.000000   68.34  16.61 0.000
266.000000 266.041667   69.43  14.64 0.000
266.041667 266.083333   65.35  15.43 0.000
266.083333 266.125000   67.92  14.07 0.000
266.125000 266.166667   83.16  15.83 0.000
266.166667 266.208333   87.85  15.09 0.000
266.208333 266.250000   70.75  14.46 0.000
266.250000 266.291667   69.91  14.02 0.000
266.291667 266.333333   86.23 999.99 0.000
266.333333 266.375000  116.94 999.99 0.000
266.375000 266.416667 9999.99 999.99 0.999
266.416667 266.458333   94.56 999.99 0.000
266.458333 266.500000 9999.99 999.99 0.999
266.500000 266.541667 9999.99 999.99 0.999
266.541667 266.583333 9999.99 999.99 0.999
266.583333 266.625000 9999.99 999.99 0.999
266.625000 266.666667  106.97  17.18 0.000
266.666667 266.708333   97.37  15.75 0.000
266.708333 266.750000   86.05  15.44 0.000
266.750000 266.791667   75.71  14.18 0.000
266.791667 266.833333   66.73  14.36 0.000
266.833333 266.875000   74.11  14.04 0.000
266.875000 266.916667   80.11  15.02 0.000
266.916667 266.958333   82.82  14.60 0.000
266.958333 267.000000   76.96  14.86 0.000
267.000000 267.041667   78.62  14.32 0.000
267.041667 267.083333   64.53  13.89 0.000
267.083333 267.125000   73.97  14.03 0.000
267.125000 267.166667   72.81  15.05 0.000
267.166667 267.208333   80.20  14.43 0.000
267.208333 267.250000   61.50  13.75 0.000
267.250000 267.291667   72.68  14.22 0.000
267.291667 267.333333  119.92  18.20 0.000
267.333333 267.375000  129.08  18.34 0.000
267.375000 267.416667  111.80  18.68 0.000
267.416667 267.458333  113.38  17.01 0.000
267.458333 267.500000  111.10  17.39 0.000
267.500000 267.541667  110.09  16.76 0.000
267.541667 267.583333   98.29  16.39 0.000
267.583333 267.625000   96.07  15.60 0.000
267.625000 267.666667   88.05  15.40 0.000
267.666667 267.708333   94.55  15.51 0.000
267.708333 267.750000   94.55  16.34 0.000
267.750000 267.791667   89.99  15.13 0.000
267.791667 267.833333   91.42  16.03 0.000
267.833333 267.875000   96.31  15.65 0.000
267.875000 267.916667   89.66  15.57 0.000
267.916667 267.958333   90.95  15.23 0.000
267.958333 268.000000   63.95  14.08 0.000
268.000000 268.041667   65.66  13.56 0.000
268.041667 268.083333   69.50  14.16 0.000
268.083333 268.125000   81.22  14.52 0.000
268.125000 268.166667   86.03  15.69 0.000
268.166667 268.208333   89.56  15.17 0.000
268.208333 268.250000   85.98  15.72 0.000
268.250000 268.291667  109.90  16.80 0.000
268.291667 268.333333  114.64  18.03 0.000
268.333333 268.375000  129.04  18.55 0.000
268.375000 268.416667  132.85  21.07 0.000
268.416667 268.458333  139.61  19.50 0.000
268.458333 268.500000   96.97  16.99 0.000
268.500000 268.541667   92.18  15.84 0.000
268.541667 268.583333   90.96  18.73 0.000
268.583333 268.625000   97.78  16.11 0.000
268.625000 268.666667   86.86  21.03 0.000
268.666667 268.708333   93.66  15.47 0.000
268.708333 268.750000   93.08  18.18 0.000
268.750000 268.791667   88.62  15.49 0.000
268.791667 268.833333   89.60  16.32 0.000
268.833333 268.875000   92.29  15.43 0.000
268.875000 268.916667   71.23  22.33 0.000
268.916667 268.958333   68.06  13.68 0.000
268.958333 269.000000   69.01  15.84 0.000
269.000000 269.041667   78.63  14.98 0.000
269.041667 269.083333   72.69  14.76 0.000
269.083333 269.125000   69.89  13.93 0.000
269.125000 269.166667   78.19  15.39 0.000
269.166667 269.208333   84.31  14.87 0.000
269.208333 269.250000   68.39  14.71 0.000
269.250000 269.291667   79.46  14.82 0.000
269.291667 269.333333   98.11  17.01 0.000
269.333333 269.375000  111.79  17.02 0.000
269.375000 269.416667  118.09  18.46 0.000
269.416667 269.458333  128.70  18.69 0.000
269.458333 269.500000  122.23  20.93 0.000
269.500000 269.541667  128.54  18.51 0.000
269.541667 269.583333  108.35  17.52 0.000
269.583333 269.625000  120.32  18.05 0.000
269.625000 269.666667  110.22  17.65 0.000
269.666667 269.708333  110.81  17.07 0.000
269.708333 269.750000  112.96  17.88 0.000
269.750000 269.791667  121.79  18.15 0.000
269.791667 269.833333  114.13  18.41 0.000
269.833333 269.875000  107.40  17.35 0.000
269.875000 269.916667   95.41  16.23 0.000
269.916667 269.958333  102.40  16.24 0.000
269.958333 270.000000  107.09  17.79 0.000
270.000000 270.041667  113.09  17.34 0.000
270.041667 270.083333  104.83  17.75 0.000
270.083333 270.125000  111.27  17.18 0.000
270.125000 270.166667  113.19  18.10 0.000
270.166667 270.208333  127.72  18.31 0.000
270.208333 270.250000  106.58  17.30 0.000
270.250000 270.291667  109.74  16.97 0.000
270.291667 270.333333  126.56  20.49 0.000
270.333333 270.375000  135.11  19.57 0.000
270.375000 270.416667  105.95  18.55 0.000
270.416667 270.458333  106.36  16.92 0.000
270.458333 270.500000  107.87  18.19 0.000
270.500000 270.541667  124.15  18.36 0.000
270.541667 270.583333  133.19  19.81 0.000
270.583333 270.625000  123.42  18.08 0.000
270.625000 270.666667   97.18  16.22 0.000
270.666667 270.708333  103.50  16.60 0.000
270.708333 270.750000  112.44  17.43 0.000
270.750000 270.791667  114.09  17.20 0.000
270.791667 270.833333  118.34  18.79 0.000
270.833333 270.875000  116.09  17.20 0.000
270.875000 270.916667  105.31  17.36 0.000
270.916667 270.958333  105.59  16.60 0.000
270.958333 271.000000   83.23  16.19 0.000
271.000000 271.041667   79.15  14.41 0.000
271.041667 271.083333   76.62  15.23 0.000
271.083333 271.125000   77.81  14.44 0.000
271.125000 271.166667   81.72  15.54 0.000
271.166667 271.208333   88.66  15.89 0.000
271.208333 271.250000   72.48  15.42 0.000
271.250000 271.291667   78.45  15.06 0.000
271.291667 271.333333   81.95  15.74 0.000
271.333333 271.375000   85.19  14.92 0.000
271.375000 271.416667   84.71  16.59 0.000
271.416667 271.458333   91.33  15.64 0.000
271.458333 271.500000   94.53  16.28 0.000
271.500000 271.541667   97.89  16.00 0.000
271.541667 271.583333  103.33  17.37 0.000
271.583333 271.625000  106.16  16.53 0.000
271.625000 271.666667   94.54  16.58 0.000
271.666667 271.708333   92.77  15.60 0.000
271.708333 271.750000   88.90  16.18 0.000
271.750000 271.791667   92.03  15.59 0.000
271.791667 271.833333   96.24  16.56 0.000
271.833333 271.875000  100.29  16.46 0.000
271.875000 271.916667   83.19  16.04 0.000
271.916667 271.958333   80.94  14.73 0.000
271.958333 272.000000   75.57  15.50 0.000
272.000000 272.041667   87.16  15.99 0.000
272.041667 272.083333   73.92  17.24 0.000
272.083333 272.125000   84.64  15.23 0.000
272.125000 272.166667   74.14  15.43 0.000
272.166667 272.208333   82.02  14.95 0.000
272.208333 272.250000   74.57  15.39 0.000
272.250000 272.291667   75.53  14.03 0.000
272.291667 272.333333   77.30  15.33 0.000
272.333333 272.375000   81.34  14.79 0.000
272.375000 272.416667  101.01  17.48 0.000
272.416667 272.458333  100.00  16.28 0.000
272.458333 272.500000   95.63  17.02 0.000
272.500000 272.541667   92.31  15.79 0.000
272.541667 272.583333   90.23  15.76 0.000
272.583333 272.625000  111.59  17.33 0.000
272.625000 272.666667  125.09  20.72 0.000
272.666667 272.708333  126.02  18.70 0.000
272.708333 272.750000  117.96  18.33 0.000
272.750000 272.791667  114.74  17.39 0.000
272.791667 272.833333   95.62  17.01 0.000
272.833333 272.875000   96.29  16.24 0.000
272.875000 272.916667   93.44  16.79 0.000
272.916667 272.958333  100.42  16.20 0.000
272.958333 273.000000   92.20  16.17 0.000
273.000000 273.041667   90.24  15.34 0.000
273.041667 273.083333   80.47  16.10 0.000
273.083333 273.125000   86.58  14.98 0.000
273.125000 273.166667   95.91  16.75 0.000
273.166667 273.208333  100.38  16.29 0.000
273.208333 273.250000   90.64  17.57 0.000
273.250000 273.291667   87.54  15.54 0.000
273.291667 273.333333   84.29  15.93 0.000
273.333333 273.375000   96.93  15.79 0.000
273.375000 273.416667   82.88  15.42 0.000
273.416667 273.458333   93.59  16.14 0.000
273.458333 273.500000  100.35  19.34 0.000
273.500000 273.541667   99.95  16.63 0.000
273.541667 273.583333   97.29  17.05 0.000
273.583333 273.625000  108.50  17.00 0.000
273.625000 273.666667  139.22  20.34 0.000
273.666667 273.708333  130.97  19.18 0.000
273.708333 273.750000  129.41  20.03 0.000
273.750000 273.791667  124.74  18.63 0.000
273.791667 273.833333  117.70  18.89 0.000
273.833333 273.875000  114.76  17.20 0.000
273.875000 273.916667  115.47  19.26 0.000
273.916667 273.958333  121.61  18.50 0.000
273.958333 274.000000  110.30  17.94 0.000
274.000000 274.041667  107.41  16.89 0.000
274.041667 274.083333  109.22  18.33 0.000
274.083333 274.125000  106.07  16.77 0.000
274.125000 274.166667   98.16  16.68 0.000
274.166667 274.208333  108.91  17.21 0.000
274.208333 274.250000  101.56  17.49 0.000
274.250000 274.291667   99.59  16.40 0.000
274.291667 274.333333 9999.99 999.99 0.999
274.333333 274.375000 9999.99 999.99 0.999
274.375000 274.416667  105.62  18.08 0.000
274.416667 274.458333   90.35  15.80 0.000
274.458333 274.500000   83.04  15.93 0.000
274.500000 274.541667   90.46  15.37 0.000
274.541667 274.583333   78.23  15.90 0.000
274.583333 274.625000   84.53  14.95 0.000
274.625000 274.666667   77.73  14.89 0.000
274.666667 274.708333   82.09  14.78 0.000
274.708333 274.750000   80.99  15.54 0.000
274.750000 274.791667   85.98  14.81 0.000
274.791667 274.833333   87.99  16.17 0.000
274.833333 274.875000   87.52  15.00 0.000
274.875000 274.916667   90.46  15.78 0.000
274.916667 274.958333   90.18  15.17 0.000
