data/ebas/co/KE0001G.20060101000000.20100323000000.ndir.carbon_monoxide.air.5mo.1h.CH01L_TEI-48C_TL_MKN.CH01L_ndir..nas
57 1001
Henne, Stefan; Aseyo, John; Thiong'o, Kennedy
CH01L, Swiss Federal Laboratories for Materials Science and Technology, EMPA, Section Air Pollution, Überlandstrasse 133, , 8600, Dübendorf, Switzerland
Henne, Stefan; Klausen, Joerg
Independent sel_HTAP
1 1
2006 01 01 2010 03 23
0.041667
days from file reference point
4
1 1 1 1
999.999999 9999.99 9999.99 9.999
end_time of measurement, days from the file reference point
carbon_monoxide, nmol/mol, Statistics=arithmetic mean
carbon_monoxide, nmol/mol, Statistics=stddev
numflag, no unit
0
39
Data definition:              EBAS_1.1
Set type code:                TU
Timezone:                     UTC
File name:                    KE0001G.20060101000000.20100323000000.ndir.carbon_monoxide.air.5mo.1h.CH01L_TEI-48C_TL_MKN.CH01L_ndir..nas
File creation:                20220610064449505000
Export state:                 20220610064431313000
Export filter:                exclude-900,exclude-invalid
Startdate:                    20060101000000
Revision date:                20100323000000
Data level:                   
Period code:                  5mo
Resolution code:              1h
Station code:                 KE0001G
Platform code:                KE0001S
Station name:                 Mt. Kenya
Station WDCA-ID:              GAWAKE__MKN
Station GAW-ID:               MKN
Station GAW-Name:             Mt. Kenya
Station land use:             Grassland
Station setting:              Mountain
Station GAW type:             G
Station WMO region:           1
Station latitude:             -0.0622
Station longitude:            37.2972
Station altitude:             3678.0 m
Regime:                       IMG
Component:                    carbon_monoxide
Unit:                         nmol/mol
Matrix:                       air
Laboratory code:              CH01L
Instrument type:              ndir
Instrument name:              TEI-48C_TL_MKN
Method ref:                   CH01L_ndir
Originator:                   Henne, Stefan, , , , , , , , , 
Originator:                   Aseyo, John, , , , , , , , , 
Originator:                   Thiong'o, Kennedy, , , , , , , , , 
Submitter:                    Henne, Stefan, , , , , , , , , 
Submitter:                    Klausen, Joerg, , , , , , , , , 
starttime endtime CO CO flag
[from data line 728]
 30.333333  30.375000  124.14   18.65 0.000
 30.375000  30.416667  123.34   18.97 0.000
 30.416667  30.458333  129.39   19.08 0.000
 30.458333  30.500000  138.02   20.10 0.000
 30.500000  30.541667  136.84   19.74 0.000
 30.541667  30.583333  123.67   18.99 0.000
 30.583333  30.625000  127.43   18.83 0.000
 30.625000  30.666667  119.10   19.01 0.000
 30.666667  30.708333  130.74   19.10 0.000
 30.708333  30.750000  120.35   18.58 0.000
 30.750000  30.791667  126.31   18.69 0.000
 30.791667  30.833333  119.53   18.49 0.000
 30.833333  30.875000  123.44   18.48 0.000
 30.875000  30.916667  109.35   17.72 0.000
 30.916667  30.958333  113.03   17.64 0.000
 30.958333  31.000000  109.71   18.16 0.000
 31.000000  31.041667  119.66   18.25 0.000
 31.041667  31.083333  121.55   19.08 0.000
 31.083333  31.125000  124.61   18.65 0.000
 31.125000  31.166667  112.73   18.24 0.000
 31.166667  31.208333  123.61   18.60 0.000
 31.208333  31.250000  114.90   18.54 0.000
 31.250000  31.291667  122.59   18.50 0.000
 31.291667  31.333333  121.28   18.91 0.000
 31.333333  31.375000  130.09   19.18 0.000
 31.375000  31.416667  133.65   21.42 0.000
 31.416667  31.458333  130.18   19.14 0.000
 31.458333  31.500000  123.21   19.06 0.000
 31.500000  31.541667  127.53   18.83 0.000
 31.541667  31.583333  121.69   18.65 0.000
 31.583333  31.625000  119.02   18.07 0.000
 31.625000  31.666667  122.77   18.95 0.000
 31.666667  31.708333  119.51   18.07 0.000
 31.708333  31.750000  109.02   17.60 0.000
 31.750000  31.791667  112.11   17.47 0.000
 31.791667  31.833333  107.93   17.55 0.000
 31.833333  31.875000  110.29   17.35 0.000
 31.875000  31.916667  106.59   17.71 0.000
 31.916667  31.958333  107.94   17.22 0.000
 31.958333  32.000000  102.73   17.64 0.000
 32.000000  32.041667  113.81   17.86 0.000
 32.041667  32.083333  109.97   18.37 0.000
 32.083333  32.125000  108.42   17.49 0.000
 32.125000  32.166667   98.14   17.20 0.000
 32.166667  32.208333  101.19   16.88 0.000
 32.208333  32.250000  120.18   18.80 0.000
 32.250000  32.291667  129.94   19.19 0.000
 32.291667  32.333333  120.07   18.89 0.000
 32.333333  32.375000  122.12   18.44 0.000
 32.375000  32.416667  134.23   20.01 0.000
 32.416667  32.458333  138.69   19.83 0.000
 32.458333  32.500000  144.60   20.98 0.000
 32.500000  32.541667  146.67   20.48 0.000
 32.541667  32.583333  128.30   19.19 0.000
 32.583333  32.625000  127.72   18.75 0.000
 32.625000  32.666667  110.58   17.72 0.000
 32.666667  32.708333  111.06   17.33 0.000
 32.708333  32.750000  132.46   19.81 0.000
 32.750000  32.791667  132.93   19.20 0.000
 32.791667  32.833333  123.36   19.03 0.000
 32.833333  32.875000  127.29   18.76 0.000
 32.875000  32.916667  117.86   18.49 0.000
 32.916667  32.958333  130.58   19.18 0.000
 32.958333  33.000000  138.45   20.21 0.000
 33.000000  33.041667  147.04   20.72 0.000
 33.041667  33.083333  140.14   20.45 0.000
 33.083333  33.125000  116.58   18.28 0.000
 33.125000  33.166667   87.16   16.53 0.000
 33.166667  33.208333   88.36   16.14 0.000
 33.208333  33.250000   85.42   16.59 0.000
 33.250000  33.291667  109.14   17.66 0.000
 33.291667  33.333333   81.98   16.18 0.000
 33.333333  33.375000  113.16   17.99 0.000
 33.375000  33.416667  123.68   19.23 0.000
 33.416667  33.458333  133.85   19.43 0.000
 33.458333  33.500000  128.11   19.64 0.000
 33.500000  33.541667  120.57   18.18 0.000
 33.541667  33.583333  132.61   20.17 0.000
 33.583333  33.625000  131.11   19.00 0.000
 33.625000  33.666667  122.44   19.71 0.000
 33.666667  33.708333   91.56   15.78 0.000
 33.708333  33.750000   96.93   16.74 0.000
 33.750000  33.791667   97.26   16.29 0.000
 33.791667  33.833333   95.37   16.57 0.000
 33.833333  33.875000   97.33   16.33 0.000
 33.875000  33.916667   99.58   17.10 0.000
 33.916667  33.958333  104.06   16.97 0.000
 33.958333  34.000000   94.76   17.04 0.000
 34.000000  34.041667   93.70   16.30 0.000
 34.041667  34.083333  107.13   17.83 0.000
 34.083333  34.125000   97.12   16.59 0.000
 34.125000  34.166667   90.35   16.44 0.000
 34.166667  34.208333  102.52   17.03 0.000
 34.208333  34.250000  100.78   17.67 0.000
 34.250000  34.291667  121.57   18.58 0.000
 34.291667  34.333333  134.96   20.09 0.000
 34.333333  34.375000  132.40   19.49 0.000
 34.375000  34.416667  116.91   18.60 0.000
 34.416667  34.458333  122.98   18.61 0.000
 34.458333  34.500000  122.93   19.12 0.000
 34.500000  34.541667  135.28   19.68 0.000
 34.541667  34.583333  131.11   19.57 0.000
 34.583333  34.625000  127.45   18.90 0.000
 34.625000  34.666667  125.43   18.95 0.000
 34.666667  34.708333  116.47   17.89 0.000
 34.708333  34.750000  108.91   18.05 0.000
 34.750000  34.791667  104.48   16.87 0.000
 34.791667  34.833333   91.38   16.30 0.000
 34.833333  34.875000   96.72   16.25 0.000
 34.875000  34.916667  107.47   17.62 0.000
 34.916667  34.958333  111.72   17.52 0.000
 34.958333  35.000000   99.14   17.02 0.000
 35.000000  35.041667   86.79   15.75 0.000
 35.041667  35.083333   90.05   16.58 0.000
 35.083333  35.125000   91.23   16.21 0.000
 35.125000  35.166667   77.69   15.79 0.000
 35.166667  35.208333   80.53   15.59 0.000
 35.208333  35.250000   87.76   16.42 0.000
 35.250000  35.291667   92.95   16.41 0.000
 35.291667  35.333333   90.93   16.86 0.000
 35.333333  35.375000   89.65   16.10 0.000
 35.375000  35.416667  110.04   18.11 0.000
 35.416667  35.458333  110.25   17.56 0.000
 35.458333  35.500000  119.91   18.76 0.000
 35.500000  35.541667  142.65   20.29 0.000
 35.541667  35.583333  118.65   18.64 0.000
 35.583333  35.625000  113.34   17.75 0.000
 35.625000  35.666667  124.88   19.07 0.000
 35.666667  35.708333  137.39   19.73 0.000
 35.708333  35.750000  104.08   17.59 0.000
 35.750000  35.791667   86.34   15.59 0.000
 35.791667  35.833333   84.45   16.18 0.000
 35.833333  35.875000   89.15   15.81 0.000
 35.875000  35.916667   91.33   16.55 0.000
 35.916667  35.958333   91.27   16.02 0.000
 35.958333  36.000000   71.60   15.45 0.000
 36.000000  36.041667   91.52   16.15 0.000
 36.041667  36.083333   94.38   16.91 0.000
 36.083333  36.125000   95.71   16.45 0.000
 36.125000  36.166667   97.19   16.92 0.000
 36.166667  36.208333   92.13   16.20 0.000
 36.208333  36.250000  105.20   17.51 0.000
 36.250000  36.291667  104.27   17.11 0.000
 36.291667  36.333333   92.09   16.68 0.000
 36.333333  36.375000   97.43   16.56 0.000
 36.375000  36.416667  101.77   17.59 0.000
 36.416667  36.458333  106.14   17.21 0.000
 36.458333  36.500000  136.84   20.13 0.000
 36.500000  36.541667  138.69   19.86 0.000
 36.541667  36.583333  124.21   19.55 0.000
 36.583333  36.625000  116.13   17.91 0.000
 36.625000  36.666667  110.86   17.96 0.000
 36.666667  36.708333  108.40   17.25 0.000
 36.708333  36.750000   98.48   17.02 0.000
 36.750000  36.791667   90.13   15.86 0.000
 36.791667  36.833333   94.09   16.52 0.000
 36.833333  36.875000   96.40   16.33 0.000
 36.875000  36.916667   88.14   16.47 0.000
 36.916667  36.958333   91.23   15.92 0.000
 36.958333  37.000000   80.53   15.55 0.000
 37.000000  37.041667   87.84   15.69 0.000
 37.041667  37.083333   81.71   15.83 0.000
 37.083333  37.125000   90.70   15.93 0.000
 37.125000  37.166667   86.50   16.00 0.000
 37.166667  37.208333   90.40   15.88 0.000
 37.208333  37.250000   93.82   16.75 0.000
 37.250000  37.291667  102.59   16.80 0.000
 37.291667  37.333333  109.03   17.79 0.000
 37.333333  37.375000  118.40   18.03 0.000
 37.375000  37.416667  110.96   17.81 0.000
 37.416667  37.458333  116.08   17.80 0.000
 37.458333  37.500000  117.22   18.27 0.000
 37.500000  37.541667  132.61   19.19 0.000
 37.541667  37.583333  131.62   19.41 0.000
 37.583333  37.625000  131.68   19.09 0.000
 37.625000  37.666667  123.35   18.93 0.000
 37.666667  37.708333  140.55   19.89 0.000
 37.708333  37.750000  122.95   18.80 0.000
 37.750000  37.791667  126.80   18.68 0.000
 37.791667  37.833333  121.18   18.61 0.000
 37.833333  37.875000  119.17   18.05 0.000
 37.875000  37.916667  109.45   17.92 0.000
 37.916667  37.958333   96.51   16.30 0.000
 37.958333  38.000000   86.59   16.27 0.000
 38.000000  38.041667   88.52   15.76 0.000
 38.041667  38.083333   84.20   15.96 0.000
 38.083333  38.125000   90.02   15.93 0.000
 38.125000  38.166667   83.27   15.89 0.000
 38.166667  38.208333   88.94   15.87 0.000
 38.208333  38.250000   86.93   16.23 0.000
 38.250000  38.291667   97.28   16.52 0.000
 38.291667  38.333333  107.00   17.66 0.000
 38.333333  38.375000  118.42   18.17 0.000
 38.375000  38.416667  121.51   18.83 0.000
 38.416667  38.458333  123.01   18.53 0.000
 38.458333  38.500000  117.26   18.53 0.000
 38.500000  38.541667  120.97   18.35 0.000
 38.541667  38.583333  147.83   22.07 0.000
 38.583333  38.625000  300.78   38.15 0.000
 38.625000  38.666667  780.35  230.89 0.000
 38.666667  38.708333  886.71  101.83 0.000
 38.708333  38.750000  311.14   41.93 0.000
 38.750000  38.791667  133.76   19.73 0.000
 38.791667  38.833333   84.59   16.30 0.000
 38.833333  38.875000   84.65   15.60 0.000
 38.875000  38.916667   81.84   15.91 0.000
 38.916667  38.958333   88.23   15.91 0.000
 38.958333  39.000000   76.67   15.65 0.000
 39.000000  39.041667   87.77   15.88 0.000
 39.041667  39.083333   97.75   17.10 0.000
 39.083333  39.125000  104.31   17.09 0.000
 39.125000  39.166667   83.81   15.97 0.000
 39.166667  39.208333   77.20   15.17 0.000
 39.208333  39.250000   98.86   17.06 0.000
 39.250000  39.291667  107.39   17.34 0.000
 39.291667  39.333333  110.18   18.10 0.000
 39.333333  39.375000  113.99   17.84 0.000
 39.375000  39.416667  112.35   18.25 0.000
 39.416667  39.458333  137.97   19.88 0.000
 39.458333  39.500000  158.34   22.03 0.000
 39.500000  39.541667  157.45   21.59 0.000
 39.541667  39.583333  172.32   23.62 0.000
 39.583333  39.625000  165.77   22.37 0.000
 39.625000  39.666667   92.36   16.57 0.000
 39.666667  39.708333  211.26   28.05 0.000
 39.708333  39.750000  149.19   21.23 0.000
 39.750000  39.791667  282.72   35.77 0.000
 39.791667  39.833333  320.46   40.74 0.000
 39.833333  39.875000  149.53   21.22 0.000
 39.875000  39.916667  113.06   19.06 0.000
 39.916667  39.958333  118.73   18.13 0.000
 39.958333  40.000000  139.63   20.36 0.000
 40.000000  40.041667  118.24   18.04 0.000
 40.041667  40.083333  114.36   18.21 0.000
 40.083333  40.125000  148.22   20.78 0.000
 40.125000  40.166667  140.19   21.13 0.000
 40.166667  40.208333  158.89   22.11 0.000
 40.208333  40.250000  130.06   20.05 0.000
 40.250000  40.291667  132.39   19.34 0.000
 40.291667  40.333333  212.02   27.99 0.000
 40.333333  40.375000  169.72   22.77 0.000
 40.375000  40.416667  166.73   23.10 0.000
 40.416667  40.458333  153.61   21.33 0.000
 40.458333  40.500000  149.99   21.35 0.000
 40.500000  40.541667  236.67   29.65 0.000
 40.541667  40.583333  239.16   31.43 0.000
 40.583333  40.625000  173.29   23.12 0.000
 40.625000  40.666667  168.69   23.03 0.000
 40.666667  40.708333  304.96   38.25 0.000
 40.708333  40.750000  351.27   45.16 0.000
 40.750000  40.791667  714.67   89.93 0.000
 40.791667  40.833333  266.19   35.90 0.000
 40.833333  40.875000  166.12   23.01 0.000
 40.875000  40.916667  108.71   18.71 0.000
 40.916667  40.958333   93.67   16.16 0.000
 40.958333  41.000000   98.91   17.00 0.000
 41.000000  41.041667   95.97   16.35 0.000
 41.041667  41.083333  108.26   17.71 0.000
 41.083333  41.125000  105.72   17.07 0.000
 41.125000  41.166667   92.24   16.60 0.000
 41.166667  41.208333  108.14   17.26 0.000
 41.208333  41.250000  110.80   18.15 0.000
 41.250000  41.291667  113.70   17.69 0.000
 41.291667  41.333333  125.85   19.13 0.000
 41.333333  41.375000  129.99   19.05 0.000
 41.375000  41.416667  133.65   19.68 0.000
 41.416667  41.458333  141.32   20.03 0.000
 41.458333  41.500000  129.79   19.42 0.000
 41.500000  41.541667  134.38   19.42 0.000
 41.541667  41.583333  132.65   19.74 0.000
 41.583333  41.625000  137.68   19.70 0.000
 41.625000  41.666667  129.54   19.46 0.000
 41.666667  41.708333  142.85   20.25 0.000
 41.708333  41.750000  167.85   22.91 0.000
 41.750000  41.791667  150.41   20.84 0.000
 41.791667  41.833333  134.00   19.85 0.000
 41.833333  41.875000  127.04   18.77 0.000
 41.875000  41.916667  229.92   29.81 0.000
 41.916667  41.958333  130.20   19.83 0.000
 41.958333  42.000000  108.03   18.02 0.000
 42.000000  42.041667  114.76   17.79 0.000
 42.041667  42.083333   90.53   16.63 0.000
 42.083333  42.125000   99.86   16.63 0.000
 42.125000  42.166667 9999.99 9999.99 0.999
 42.166667  42.208333 9999.99 9999.99 0.999
 42.208333  42.250000 9999.99 9999.99 0.999
 42.250000  42.291667 9999.99 9999.99 0.999
 42.291667  42.333333 9999.99 9999.99 0.999
 42.333333  42.375000 9999.99 9999.99 0.999
 42.375000  42.416667 9999.99 9999.99 0.999
 42.416667  42.458333 9999.99 9999.99 0.999
 42.458333  42.500000 9999.99 9999.99 0.999
 42.500000  42.541667 9999.99 9999.99 0.999
 42.541667  42.583333 9999.99 9999.99 0.999
 42.583333  42.625000 9999.99 9999.99 0.999
 42.625000  42.666667 9999.99 9999.99 0.999
 42.666667  42.708333 9999.99 9999.99 0.999
 42.708333  42.750000 9999.99 9999.99 0.999
 42.750000  42.791667 9999.99 9999.99 0.999
 42.791667  42.833333 9999.99 9999.99 0.999
 42.833333  42.875000 9999.99 9999.99 0.999
 42.875000  42.916667 9999.99 9999.99 0.999
 42.916667  42.958333 9999.99 9999.99 0.999
 42.958333  43.000000 9999.99 9999.99 0.999
 43.000000  43.041667 9999.99 9999.99 0.999
 43.041667  43.083333 9999.99 9999.99 0.999
 43.083333  43.125000 9999.99 9999.99 0.999
 43.125000  43.166667 9999.99 9999.99 0.999
 43.166667  43.208333 9999.99 9999.99 0.999
 43.208333  43.250000 9999.99 9999.99 0.999
 43.250000  43.291667 9999.99 9999.99 0.999
 43.291667  43.333333 9999.99 9999.99 0.999
 43.333333  43.375000 9999.99 9999.99 0.999
 43.375000  43.416667 9999.99 9999.99 0.999
 43.416667  43.458333 9999.99 9999.99 0.999
 43.458333  43.500000 9999.99 9999.99 0.999
 43.500000  43.541667 9999.99 9999.99 0.999
 43.541667  43.583333 9999.99 9999.99 0.999
 43.583333  43.625000 9999.99 9999.99 0.999
 43.625000  43.666667 9999.99 9999.99 0.999
 43.666667  43.708333 9999.99 9999.99 0.999
 43.708333  43.750000 9999.99 9999.99 0.999
 43.750000  43.791667 9999.99 9999.99 0.999
 43.791667  43.833333 9999.99 9999.99 0.999
 43.833333  43.875000 9999.99 9999.99 0.999
 43.875000  43.916667 9999.99 9999.99 0.999
 43.916667  43.958333 9999.99 9999.99 0.999
 43.958333  44.000000 9999.99 9999.99 0.999
 44.000000  44.041667 9999.99 9999.99 0.999
 44.041667  44.083333 9999.99 9999.99 0.999
 44.083333  44.125000 9999.99 9999.99 0.999
 44.125000  44.166667 9999.99 9999.99 0.999
 44.166667  44.208333 9999.99 9999.99 0.999
 44.208333  44.250000 9999.99 9999.99 0.999
 44.250000  44.291667 9999.99 9999.99 0.999
 44.291667  44.333333 9999.99 9999.99 0.999
 44.333333  44.375000 9999.99 9999.99 0.999
 44.375000  44.416667 9999.99 9999.99 0.999
 44.416667  44.458333 9999.99 9999.99 0.999
 44.458333  44.500000 9999.99 9999.99 0.999
 44.500000  44.541667 9999.99 9999.99 0.999
 44.541667  44.583333 9999.99 9999.99 0.999
 44.583333  44.625000 9999.99 9999.99 0.999
 44.625000  44.666667 9999.99 9999.99 0.999
 44.666667  44.708333 9999.99 9999.99 0.999
 44.708333  44.750000 9999.99 9999.99 0.999
 44.750000  44.791667 9999.99 9999.99 0.999
 44.791667  44.833333 9999.99 9999.99 0.999
 44.833333  44.875000 9999.99 9999.99 0.999
 44.875000  44.916667 9999.99 9999.99 0.999
 44.916667  44.958333 9999.99 9999.99 0.999
 44.958333  45.000000 9999.99 9999.99 0.999
 45.000000  45.041667 9999.99 9999.99 0.999
 45.041667  45.083333 9999.99 9999.99 0.999
 45.083333  45.125000 9999.99 9999.99 0.999
 45.125000  45.166667 9999.99 9999.99 0.999
 45.166667  45.208333 9999.99 9999.99 0.999
 45.208333  45.250000 9999.99 9999.99 0.999
 45.250000  45.291667 9999.99 9999.99 0.999
 45.291667  45.333333 9999.99 9999.99 0.999
 45.333333  45.375000 9999.99 9999.99 0.999
 45.375000  45.416667 9999.99 9999.99 0.999
