data/ebas/co/KE0001G.20060101000000.20100323000000.ndir.carbon_monoxide.air.5mo.1h.CH01L_TEI-48C_TL_MKN.CH01L_ndir..nas
57 1001
Henne, Stefan; Aseyo, John; Thiong'o, Kennedy
CH01L, Swiss Federal Laboratories for Materials Science and Technology, EMPA, Section Air Pollution, Überlandstrasse 133, , 8600, Dübendorf, Switzerland
Henne, Stefan; Klausen, Joerg
Independent sel_HTAP
1 1
2006 01 01 2010 03 23
0.041667
days from file reference point
4
1 1 1 1
999.999999 9999.99 9999.99 9.999
end_time of measurement, days from the file reference point
carbon_monoxide, nmol/mol, Statistics=arithmetic mean
carbon_monoxide, nmol/mol, Statistics=stddev
numflag, no unit
0
39
Data definition:              EBAS_1.1
Set type code:                TU
Timezone:                     UTC
File name:                    KE0001G.20060101000000.20100323000000.ndir.carbon_monoxide.air.5mo.1h.CH01L_TEI-48C_TL_MKN.CH01L_ndir..nas
File creation:                20220610064449505000
Export state:                 20220610064431313000
Export filter:                exclude-900,exclude-invalid
Startdate:                    20060101000000
Revision date:                20100323000000
Data level:                   
Period code:                  5mo
Resolution code:              1h
Station code:                 KE0001G
Platform code:                KE0001S
Station name:                 Mt. Kenya
Station WDCA-ID:              GAWAKE__MKN
Station GAW-ID:               MKN
Station GAW-Name:             Mt. Kenya
Station land use:             Grassland
Station setting:              Mountain
Station GAW type:             G
Station WMO region:           1
Station latitude:             -0.0622
Station longitude:            37.2972
Station altitude:             3678.0 m
Regime:                       IMG
Component:                    carbon_monoxide
Unit:                         nmol/mol
Matrix:                       air
Laboratory code:              CH01L
Instrument type:              ndir
Instrument name:              TEI-48C_TL_MKN
Method ref:                   CH01L_ndir
Originator:                   Henne, Stefan, , , , , , , , , 
Originator:                   Aseyo, John, , , , , , , , , 
Originator:                   Thiong'o, Kennedy, , , , , , , , , 
Submitter:                    Henne, Stefan, , , , , , , , , 
Submitter:                    Klausen, Joerg, , , , , , , , , 
starttime endtime CO CO flag
[from data line 3273]
136.375000 136.416667   91.97   16.38 0.000
136.416667 136.458333   91.42   15.72 0.000
136.458333 136.500000   75.69   15.25 0.000
136.500000 136.541667   84.62   15.21 0.000
136.541667 136.583333   70.01   14.95 0.000
136.583333 136.625000   77.61   14.72 0.000
136.625000 136.666667   76.66   15.28 0.000
136.666667 136.708333   73.71   14.43 0.000
136.708333 136.750000   65.17   14.32 0.000
136.750000 136.791667   63.10   13.80 0.000
136.791667 136.833333   52.69   13.91 0.000
136.833333 136.875000   56.61   13.40 0.000
136.875000 136.916667   58.79   14.09 0.000
136.916667 136.958333   67.06   14.01 0.000
136.958333 137.000000   65.43   14.36 0.000
137.000000 137.041667   61.54   13.67 0.000
137.041667 137.083333   54.44   13.99 0.000
137.083333 137.125000   57.49   13.50 0.000
137.125000 137.166667   74.56   15.04 0.000
137.166667 137.208333   82.08   15.01 0.000
137.208333 137.250000   71.36   14.95 0.000
137.250000 137.291667   78.91   14.84 0.000
137.291667 137.333333   88.08   15.94 0.000
137.333333 137.375000   93.84   15.88 0.000
137.375000 137.416667   87.86   16.10 0.000
137.416667 137.458333   87.49   15.48 0.000
137.458333 137.500000   70.60   15.03 0.000
137.500000 137.541667   79.98   14.95 0.000
137.541667 137.583333   79.07   15.41 0.000
137.583333 137.625000   87.17   15.45 0.000
137.625000 137.666667   73.67   15.30 0.000
137.666667 137.708333   79.24   14.90 0.000
137.708333 137.750000   68.34   14.86 0.000
137.750000 137.791667   76.60   14.74 0.000
137.791667 137.833333   82.13   16.01 0.000
137.833333 137.875000   80.83   15.00 0.000
137.875000 137.916667   77.89   15.38 0.000
137.916667 137.958333   79.65   14.90 0.000
137.958333 138.000000   76.64   15.30 0.000
138.000000 138.041667   85.75   15.34 0.000
138.041667 138.083333   76.53   15.48 0.000
138.083333 138.125000   79.05   14.88 0.000
138.125000 138.166667   70.50   14.83 0.000
138.166667 138.208333   78.05   14.78 0.000
138.208333 138.250000   70.00   14.96 0.000
138.250000 138.291667   81.49   15.02 0.000
138.291667 138.333333   74.72   15.04 0.000
138.333333 138.375000  100.21   16.50 0.000
138.375000 138.416667   76.34   15.34 0.000
138.416667 138.458333   81.14   14.97 0.000
138.458333 138.500000   93.01   16.40 0.000
138.500000 138.541667   89.07   15.54 0.000
138.541667 138.583333   96.05   16.67 0.000
138.583333 138.625000   94.16   16.11 0.000
138.625000 138.666667   60.45   14.17 0.000
138.666667 138.708333   74.08   14.44 0.000
138.708333 138.750000   77.25   15.31 0.000
138.750000 138.791667   74.28   14.49 0.000
138.791667 138.833333   65.62   14.42 0.000
138.833333 138.875000   69.47   14.13 0.000
138.875000 138.916667   70.47   15.04 0.000
138.916667 138.958333   80.63   14.90 0.000
138.958333 139.000000   81.64   15.52 0.000
139.000000 139.041667   81.72   14.96 0.000
139.041667 139.083333   75.47   15.13 0.000
139.083333 139.125000   79.77   14.85 0.000
139.125000 139.166667   76.91   15.35 0.000
139.166667 139.208333   79.41   14.79 0.000
139.208333 139.250000   76.20   15.02 0.000
139.250000 139.291667   84.96   15.18 0.000
139.291667 139.333333   81.59   15.61 0.000
139.333333 139.375000   86.41   15.26 0.000
139.375000 139.416667   87.70   15.99 0.000
139.416667 139.458333   88.76   15.43 0.000
139.458333 139.500000   91.61   16.17 0.000
139.500000 139.541667   91.24   15.64 0.000
139.541667 139.583333   86.80   15.78 0.000
139.583333 139.625000   89.32   15.49 0.000
139.625000 139.666667   84.82   15.76 0.000
139.666667 139.708333   87.18   15.36 0.000
139.708333 139.750000   83.35   15.78 0.000
139.750000 139.791667   81.58   14.99 0.000
139.791667 139.833333   65.03   15.10 0.000
139.833333 139.875000   74.22   14.51 0.000
139.875000 139.916667   71.99   15.65 0.000
139.916667 139.958333   72.36   14.41 0.000
139.958333 140.000000   71.71   15.29 0.000
140.000000 140.041667   79.74   14.93 0.000
140.041667 140.083333   75.71   15.29 0.000
140.083333 140.125000   76.90   14.73 0.000
140.125000 140.166667   81.35   15.77 0.000
140.166667 140.208333   86.17   15.38 0.000
140.208333 140.250000   69.11   14.69 0.000
140.250000 140.291667   79.81   14.93 0.000
140.291667 140.333333   83.30   15.59 0.000
140.333333 140.375000   85.95   15.35 0.000
140.375000 140.416667   76.16   15.63 0.000
140.416667 140.458333   83.67   15.17 0.000
140.458333 140.500000   71.31   14.82 0.000
140.500000 140.541667   86.38   15.35 0.000
140.541667 140.583333   80.06   15.45 0.000
140.583333 140.625000   90.93   15.77 0.000
140.625000 140.666667   79.05   15.27 0.000
140.666667 140.708333   77.98   14.67 0.000
140.708333 140.750000   65.98   14.52 0.000
140.750000 140.791667   79.28   14.79 0.000
140.791667 140.833333   71.25   14.80 0.000
140.833333 140.875000   64.07   13.78 0.000
140.875000 140.916667   70.50   14.93 0.000
140.916667 140.958333   67.71   13.99 0.000
140.958333 141.000000   73.50   14.97 0.000
141.000000 141.041667   74.53   14.39 0.000
141.041667 141.083333   63.58   14.39 0.000
141.083333 141.125000   74.06   14.39 0.000
141.125000 141.166667   65.59   15.88 0.000
141.166667 141.208333   64.09   13.74 0.000
141.208333 141.250000   66.79   14.60 0.000
141.250000 141.291667   68.29   14.00 0.000
141.291667 141.333333   71.11   15.02 0.000
141.333333 141.375000   83.61   15.02 0.000
141.375000 141.416667   86.62   16.05 0.000
141.416667 141.458333   85.72   15.18 0.000
141.458333 141.500000   87.15   15.90 0.000
141.500000 141.541667   95.39   15.87 0.000
141.541667 141.583333   91.52   16.24 0.000
141.583333 141.625000   94.23   15.85 0.000
141.625000 141.666667   79.00   15.57 0.000
141.666667 141.708333   84.16   15.10 0.000
141.708333 141.750000   76.23   15.10 0.000
141.750000 141.791667   77.45   14.62 0.000
141.791667 141.833333   84.54   15.82 0.000
141.833333 141.875000   87.04   15.33 0.000
141.875000 141.916667   75.83   15.05 0.000
141.916667 141.958333   81.30   14.93 0.000
141.958333 142.000000   74.47   15.03 0.000
142.000000 142.041667   68.47   14.16 0.000
142.041667 142.083333   74.60   15.22 0.000
142.083333 142.125000   79.99   14.86 0.000
142.125000 142.166667   76.07   15.48 0.000
142.166667 142.208333   67.40   14.05 0.000
142.208333 142.250000   76.17   15.26 0.000
142.250000 142.291667   75.64   14.56 0.000
142.291667 142.333333   89.51   16.02 0.000
142.333333 142.375000   91.60   15.67 0.000
142.375000 142.416667   81.53   15.45 0.000
142.416667 142.458333   85.13   15.23 0.000
142.458333 142.500000   95.47   17.25 0.000
142.500000 142.541667   96.62   16.04 0.000
142.541667 142.583333   80.15   15.58 0.000
142.583333 142.625000   80.70   14.88 0.000
142.625000 142.666667   92.85   16.53 0.000
142.666667 142.708333   83.83   15.08 0.000
142.708333 142.750000   82.55   15.55 0.000
142.750000 142.791667   83.60   15.05 0.000
142.791667 142.833333   72.25   15.06 0.000
142.833333 142.875000   70.00   14.12 0.000
142.875000 142.916667   65.49   14.47 0.000
142.916667 142.958333   69.44   14.09 0.000
142.958333 143.000000   67.92   14.61 0.000
143.000000 143.041667   71.34   14.21 0.000
143.041667 143.083333   67.90   14.62 0.000
143.083333 143.125000   71.92   14.37 0.000
143.125000 143.166667   61.05   14.32 0.000
143.166667 143.208333   71.33   14.23 0.000
143.208333 143.250000   67.87   14.54 0.000
143.250000 143.291667   75.22   14.48 0.000
143.291667 143.333333   76.51   15.24 0.000
143.333333 143.375000   81.19   14.89 0.000
143.375000 143.416667   79.74   15.28 0.000
143.416667 143.458333   90.50   15.56 0.000
143.458333 143.500000   84.24   15.72 0.000
143.500000 143.541667   81.93   14.94 0.000
143.541667 143.583333   77.19   15.05 0.000
143.583333 143.625000   74.58   14.43 0.000
143.625000 143.666667   67.64   14.49 0.000
143.666667 143.708333   69.74   14.11 0.000
143.708333 143.750000   68.30   14.97 0.000
143.750000 143.791667   69.79   14.17 0.000
143.791667 143.833333   67.70   14.42 0.000
143.833333 143.875000   64.90   13.86 0.000
143.875000 143.916667   55.92   14.16 0.000
143.916667 143.958333   62.61   13.75 0.000
143.958333 144.000000   64.44   14.38 0.000
144.000000 144.041667   60.81   13.66 0.000
144.041667 144.083333   61.76   14.55 0.000
144.083333 144.125000   62.92   13.80 0.000
144.125000 144.166667   67.68   14.70 0.000
144.166667 144.208333   75.69   14.58 0.000
144.208333 144.250000   67.33   14.65 0.000
144.250000 144.291667   76.10   14.65 0.000
144.291667 144.333333   73.41   15.04 0.000
144.333333 144.375000   79.50   14.85 0.000
144.375000 144.416667   79.18   15.32 0.000
144.416667 144.458333   89.88   15.57 0.000
144.458333 144.500000   83.33   15.68 0.000
144.500000 144.541667   87.16   15.36 0.000
144.541667 144.583333   93.48   16.49 0.000
144.583333 144.625000   87.54   15.40 0.000
144.625000 144.666667   63.80   14.55 0.000
144.666667 144.708333   75.36   14.60 0.000
144.708333 144.750000   79.08   15.44 0.000
144.750000 144.791667   87.68   15.38 0.000
144.791667 144.833333   68.44   14.89 0.000
144.833333 144.875000   72.25   14.28 0.000
144.875000 144.916667   60.84   14.38 0.000
144.916667 144.958333   55.90   13.35 0.000
144.958333 145.000000   60.73   14.37 0.000
145.000000 145.041667   60.59   13.62 0.000
145.041667 145.083333   60.34   14.45 0.000
145.083333 145.125000   63.60   13.78 0.000
145.125000 145.166667   58.78   14.18 0.000
145.166667 145.208333   64.66   13.84 0.000
145.208333 145.250000   61.87   14.35 0.000
145.250000 145.291667   73.38   14.44 0.000
145.291667 145.333333   64.66   14.44 0.000
145.333333 145.375000   76.22   14.60 0.000
145.375000 145.416667   83.64   15.81 0.000
145.416667 145.458333   93.54   15.83 0.000
145.458333 145.500000   79.11   15.38 0.000
145.500000 145.541667   79.53   14.82 0.000
145.541667 145.583333   58.92   14.48 0.000
145.583333 145.625000   72.68   14.40 0.000
145.625000 145.666667   70.44   14.79 0.000
145.666667 145.708333   68.86   14.15 0.000
145.708333 145.750000   57.65   14.24 0.000
145.750000 145.791667   69.97   14.24 0.000
145.791667 145.833333   66.86   14.67 0.000
145.833333 145.875000   68.32   14.12 0.000
145.875000 145.916667   62.84   14.54 0.000
145.916667 145.958333   68.08   14.16 0.000
145.958333 146.000000   74.15   15.26 0.000
146.000000 146.041667   79.79   14.92 0.000
146.041667 146.083333 9999.99 9999.99 0.999
146.083333 146.125000 9999.99 9999.99 0.999
146.125000 146.166667 9999.99 9999.99 0.999
146.166667 146.208333 9999.99 9999.99 0.999
146.208333 146.250000 9999.99 9999.99 0.999
146.250000 146.291667 9999.99 9999.99 0.999
146.291667 146.333333 9999.99 9999.99 0.999
146.333333 146.375000 9999.99 9999.99 0.999
146.375000 146.416667 9999.99 9999.99 0.999
146.416667 146.458333 9999.99 9999.99 0.999
146.458333 146.500000 9999.99 9999.99 0.999
146.500000 146.541667 9999.99 9999.99 0.999
146.541667 146.583333 9999.99 9999.99 0.999
146.583333 146.625000 9999.99 9999.99 0.999
146.625000 146.666667 9999.99 9999.99 0.999
146.666667 146.708333 9999.99 9999.99 0.999
146.708333 146.750000 9999.99 9999.99 0.999
146.750000 146.791667 9999.99 9999.99 0.999
146.791667 146.833333 9999.99 9999.99 0.999
146.833333 146.875000 9999.99 9999.99 0.999
146.875000 146.916667 9999.99 9999.99 0.999
146.916667 146.958333 9999.99 9999.99 0.999
146.958333 147.000000 9999.99 9999.99 0.999
147.000000 147.041667 9999.99 9999.99 0.999
147.041667 147.083333 9999.99 9999.99 0.999
147.083333 147.125000 9999.99 9999.99 0.999
147.125000 147.166667 9999.99 9999.99 0.999
147.166667 147.208333 9999.99 9999.99 0.999
147.208333 147.250000 9999.99 9999.99 0.999
147.250000 147.291667 9999.99 9999.99 0.999
147.291667 147.333333 9999.99 9999.99 0.999
147.333333 147.375000 9999.99 9999.99 0.999
147.375000 147.416667 9999.99 9999.99 0.999
147.416667 147.458333 9999.99 9999.99 0.999
147.458333 147.500000 9999.99 9999.99 0.999
147.500000 147.541667 9999.99 9999.99 0.999
147.541667 147.583333 9999.99 9999.99 0.999
147.583333 147.625000 9999.99 9999.99 0.999
147.625000 147.666667 9999.99 9999.99 0.999
147.666667 147.708333 9999.99 9999.99 0.999
147.708333 147.750000 9999.99 9999.99 0.999
147.750000 147.791667 9999.99 9999.99 0.999
147.791667 147.833333 9999.99 9999.99 0.999
147.833333 147.875000 9999.99 9999.99 0.999
147.875000 147.916667 9999.99 9999.99 0.999
147.916667 147.958333 9999.99 9999.99 0.999
147.958333 148.000000 9999.99 9999.99 0.999
148.000000 148.041667 9999.99 9999.99 0.999
148.041667 148.083333 9999.99 9999.99 0.999
148.083333 148.125000 9999.99 9999.99 0.999
148.125000 148.166667 9999.99 9999.99 0.999
148.166667 148.208333 9999.99 9999.99 0.999
148.208333 148.250000 9999.99 9999.99 0.999
148.250000 148.291667 9999.99 9999.99 0.999
148.291667 148.333333 9999.99 9999.99 0.999
148.333333 148.375000 9999.99 9999.99 0.999
148.375000 148.416667 9999.99 9999.99 0.999
148.416667 148.458333 9999.99 9999.99 0.999
148.458333 148.500000 9999.99 9999.99 0.999
148.500000 148.541667 9999.99 9999.99 0.999
148.541667 148.583333 9999.99 9999.99 0.999
148.583333 148.625000 9999.99 9999.99 0.999
148.625000 148.666667 9999.99 9999.99 0.999
148.666667 148.708333 9999.99 9999.99 0.999
148.708333 148.750000 9999.99 9999.99 0.999
148.750000 148.791667 9999.99 9999.99 0.999
148.791667 148.833333 9999.99 9999.99 0.999
148.833333 148.875000 9999.99 9999.99 0.999
148.875000 148.916667 9999.99 9999.99 0.999
148.916667 148.958333 9999.99 9999.99 0.999
148.958333 149.000000 9999.99 9999.99 0.999
149.000000 149.041667 9999.99 9999.99 0.999
149.041667 149.083333 9999.99 9999.99 0.999
149.083333 149.125000 9999.99 9999.99 0.999
149.125000 149.166667 9999.99 9999.99 0.999
149.166667 149.208333 9999.99 9999.99 0.999
149.208333 149.250000 9999.99 9999.99 0.999
149.250000 149.291667 9999.99 9999.99 0.999
149.291667 149.333333 9999.99 9999.99 0.999
149.333333 149.375000 9999.99 9999.99 0.999
149.375000 149.416667 9999.99 9999.99 0.999
149.416667 149.458333 9999.99 9999.99 0.999
149.458333 149.500000 9999.99 9999.99 0.999
149.500000 149.541667 9999.99 9999.99 0.999
149.541667 149.583333 9999.99 9999.99 0.999
149.583333 149.625000 9999.99 9999.99 0.999
149.625000 149.666667 9999.99 9999.99 0.999
149.666667 149.708333 9999.99 9999.99 0.999
149.708333 149.750000 9999.99 9999.99 0.999
149.750000 149.791667 9999.99 9999.99 0.999
149.791667 149.833333 9999.99 9999.99 0.999
149.833333 149.875000 9999.99 9999.99 0.999
149.875000 149.916667 9999.99 9999.99 0.999
149.916667 149.958333 9999.99 9999.99 0.999
149.958333 150.000000 9999.99 9999.99 0.999
150.000000 150.041667 9999.99 9999.99 0.999
150.041667 150.083333 9999.99 9999.99 0.999
150.083333 150.125000 9999.99 9999.99 0.999
150.125000 150.166667 9999.99 9999.99 0.999
150.166667 150.208333 9999.99 9999.99 0.999
150.208333 150.250000 9999.99 9999.99 0.999
150.250000 150.291667 9999.99 9999.99 0.999
150.291667 150.333333 9999.99 9999.99 0.999
150.333333 150.375000 9999.99 9999.99 0.999
150.375000 150.416667 9999.99 9999.99 0.999
150.416667 150.458333 9999.99 9999.99 0.999
150.458333 150.500000 9999.99 9999.99 0.999
150.500000 150.541667 9999.99 9999.99 0.999
150.541667 150.583333 9999.99 9999.99 0.999
150.583333 150.625000 9999.99 9999.99 0.999
150.625000 150.666667 9999.99 9999.99 0.999
150.666667 150.708333 9999.99 9999.99 0.999
150.708333 150.750000 9999.99 9999.99 0.999
150.750000 150.791667 9999.99 9999.99 0.999
150.791667 150.833333 9999.99 9999.99 0.999
150.833333 150.875000 9999.99 9999.99 0.999
150.875000 150.916667 9999.99 9999.99 0.999
150.916667 150.958333 9999.99 9999.99 0.999
