data/ebas/o3_legacy/KE0001G.20020531230000.20100322000000.uv_abs.ozone.air.7mo.1h.CH01L_uv_abs_MKN.CH01L_uv_abs..nas
57 1001
Henne, Stefan; Aseyo, John; Thiong'o, Kennedy
CH01L, Swiss Federal Laboratories for Materials Science and Technology, EMPA, Section Air Pollution, Überlandstrasse 133, , 8600, Dübendorf, Switzerland
Henne, Stefan; Klausen, Joerg
GAW-WDCRG sel_HTAP
1 1
2002 01 01 2010 03 22
0.041667
days from file reference point
4
1 1 1 1
999.999999 9999.9 999.9 9.999
end_time of measurement, days from the file reference point
ozone, ug/m3, Statistics=arithmetic mean
ozone, ug/m3, Statistics=stddev
numflag, no unit
0
39
Data definition:              EBAS_1.1
Set type code:                TU
Timezone:                     UTC
File name:                    KE0001G.20020531230000.20100322000000.uv_abs.ozone.air.7mo.1h.CH01L_uv_abs_MKN.CH01L_uv_abs..nas
File creation:                20220610064449866000
Export state:                 20220610064431313000
Export filter:                exclude-900,exclude-invalid
Startdate:                    20020531230000
Revision date:                20100322000000
Data level:                   
Period code:                  7mo
Resolution code:              1h
Station code:                 KE0001G
Platform code:                KE0001S
Station name:                 Mt. Kenya
Station WDCA-ID:              GAWAKE__MKN
Station GAW-ID:               MKN
Station GAW-Name:             Mt. Kenya
Station land use:             Grassland
Station setting:              Mountain
Station GAW type:             G
Station WMO region:           1
Station latitude:             -0.0622
Station longitude:            37.2972
Station altitude:             3678.0 m
Regime:                       IMG
Component:                    ozone
Unit:                         ug/m3
Matrix:                       air
Laboratory code:              CH01L
Instrument type:              uv_abs
Instrument name:              uv_abs_MKN
Method ref:                   CH01L_uv_abs
Originator:                   Henne, Stefan, , , , , , , , , 
Originator:                   Aseyo, John, , , , , , , , , 
Originator:                   Thiong'o, Kennedy, , , , , , , , , 
Submitter:                    Henne, Stefan, , , , , , , , , 
Submitter:                    Klausen, Joerg, , , , , , , , , 
starttime endtime O3 O3 flag
[from data line 2342]
248.541667 248.583333   66.2   2.8 0.000
248.583333 248.625000   64.5   2.7 0.000
248.625000 248.666667   63.2   2.7 0.000
248.666667 248.708333   63.7   2.8 0.000
248.708333 248.750000   81.7   2.9 0.000
248.750000 248.791667   87.3   3.6 0.000
248.791667 248.833333   79.0   2.8 0.000
248.833333 248.875000   75.1   2.8 0.000
248.875000 248.916667   98.5   3.3 0.000
248.916667 248.958333  100.9   3.2 0.000
248.958333 249.000000  100.7   3.7 0.000
249.000000 249.041667  108.0   3.2 0.000
249.041667 249.083333  110.6   3.1 0.000
249.083333 249.125000  108.6   3.0 0.000
249.125000 249.166667  100.4   3.2 0.000
249.166667 249.208333   95.5   5.3 0.000
249.208333 249.250000   98.1   4.3 0.000
249.250000 249.291667   96.8   4.4 0.000
249.291667 249.333333   90.6   5.2 0.000
249.333333 249.375000   76.5   3.2 0.000
249.375000 249.416667   75.3   6.5 0.000
249.416667 249.458333   75.2   3.9 0.000
249.458333 249.500000   80.4   4.4 0.000
249.500000 249.541667   77.9   3.5 0.000
249.541667 249.583333   77.3   3.5 0.000
249.583333 249.625000   73.8   2.8 0.000
249.625000 249.666667   69.5   2.8 0.000
249.666667 249.708333   76.6   3.0 0.000
249.708333 249.750000   77.9   2.8 0.000
249.750000 249.791667   75.0   2.8 0.000
249.791667 249.833333   66.1   3.0 0.000
249.833333 249.875000   62.4   2.8 0.000
249.875000 249.916667   72.0   2.7 0.000
249.916667 249.958333   62.7   2.7 0.000
249.958333 250.000000   60.1   2.7 0.000
250.000000 250.041667   58.9   2.9 0.000
250.041667 250.083333   64.4   2.7 0.000
250.083333 250.125000   73.3   3.0 0.000
250.125000 250.166667   65.7   3.1 0.000
250.166667 250.208333   58.9   4.1 0.000
250.208333 250.250000   60.6   3.6 0.000
250.250000 250.291667   60.7   3.7 0.000
250.291667 250.333333   60.5   7.0 0.000
250.333333 250.375000   59.0   3.9 0.000
250.375000 250.416667   61.2   3.4 0.000
250.416667 250.458333   58.1   3.3 0.000
250.458333 250.500000   55.6   3.4 0.000
250.500000 250.541667   51.8   3.6 0.000
250.541667 250.583333   50.4   3.7 0.000
250.583333 250.625000   55.4   2.7 0.000
250.625000 250.666667   49.8   2.7 0.000
250.666667 250.708333   49.1   2.7 0.000
250.708333 250.750000   47.1   2.7 0.000
250.750000 250.791667   48.9   2.9 0.000
250.791667 250.833333   51.0   2.9 0.000
250.833333 250.875000   47.2   3.2 0.000
250.875000 250.916667   47.8   5.1 0.000
250.916667 250.958333   48.1   3.2 0.000
250.958333 251.000000   48.0   2.7 0.000
251.000000 251.041667   35.0   3.0 0.000
251.041667 251.083333   35.7   2.6 0.000
251.083333 251.125000   35.8   2.6 0.000
251.125000 251.166667   35.3   2.6 0.000
251.166667 251.208333   32.1   3.3 0.000
251.208333 251.250000   43.2   6.7 0.000
251.250000 251.291667   49.4   4.8 0.000
251.291667 251.333333   49.3   2.9 0.000
251.333333 251.375000   60.3   3.3 0.000
251.375000 251.416667   65.0   3.6 0.000
251.416667 251.458333   66.4   3.8 0.000
251.458333 251.500000   66.1   2.8 0.000
251.500000 251.541667   68.8   3.4 0.000
251.541667 251.583333   69.9   3.6 0.000
251.583333 251.625000   66.6   3.0 0.000
251.625000 251.666667   61.0   2.7 0.000
251.666667 251.708333   57.3   2.8 0.000
251.708333 251.750000   57.7   2.8 0.000
251.750000 251.791667   54.8   2.7 0.000
251.791667 251.833333   57.6   2.7 0.000
251.833333 251.875000   60.6   3.1 0.000
251.875000 251.916667   60.6   4.9 0.000
251.916667 251.958333   50.1   2.8 0.000
251.958333 252.000000   48.9   2.7 0.000
252.000000 252.041667   46.8   2.7 0.000
252.041667 252.083333   46.2   2.7 0.000
252.083333 252.125000   45.6   2.8 0.000
252.125000 252.166667   45.7   3.1 0.000
252.166667 252.208333   43.4   2.8 0.000
252.208333 252.250000   42.9   3.2 0.000
252.250000 252.291667   55.6   3.2 0.000
252.291667 252.333333   61.2   3.1 0.000
252.333333 252.375000   65.1   3.1 0.000
252.375000 252.416667   65.5   3.1 0.000
252.416667 252.458333 9999.9 999.9 0.999
252.458333 252.500000   59.1   2.9 0.000
252.500000 252.541667   62.8   2.7 0.000
252.541667 252.583333   61.5   2.8 0.000
252.583333 252.625000   54.5   2.7 0.000
252.625000 252.666667   57.2   2.8 0.000
252.666667 252.708333   61.3   2.8 0.000
252.708333 252.750000   58.0   2.7 0.000
252.750000 252.791667   55.3   2.7 0.000
252.791667 252.833333   56.4   2.7 0.000
252.833333 252.875000   80.3   2.8 0.000
252.875000 252.916667   93.4   2.9 0.000
252.916667 252.958333   82.3   2.8 0.000
252.958333 253.000000   83.1   2.8 0.000
253.000000 253.041667   72.7   2.7 0.000
253.041667 253.083333   79.5   2.8 0.000
253.083333 253.125000   77.7   2.8 0.000
253.125000 253.166667   74.8   2.8 0.000
253.166667 253.208333   69.9   2.7 0.000
253.208333 253.250000   68.4   2.7 0.000
253.250000 253.291667   60.9   2.7 0.000
253.291667 253.333333   61.7   2.7 0.000
253.333333 253.375000   59.8   2.8 0.000
253.375000 253.416667   61.9   2.7 0.000
253.416667 253.458333   65.5   2.7 0.000
253.458333 253.500000   68.6   2.7 0.000
253.500000 253.541667   67.8   2.7 0.000
253.541667 253.583333   70.9   2.8 0.000
253.583333 253.625000   68.7   2.8 0.000
253.625000 253.666667   66.9   2.7 0.000
253.666667 253.708333   84.3   2.8 0.000
253.708333 253.750000   95.7   2.8 0.000
253.750000 253.791667   91.0   2.8 0.000
253.791667 253.833333   91.9   2.9 0.000
253.833333 253.875000   90.6   2.8 0.000
253.875000 253.916667   74.0   2.8 0.000
253.916667 253.958333   67.2   2.7 0.000
253.958333 254.000000   99.7   3.2 0.000
254.000000 254.041667   89.3   2.8 0.000
254.041667 254.083333   85.9   3.1 0.000
254.083333 254.125000   85.0   2.8 0.000
254.125000 254.166667   84.0   2.8 0.000
254.166667 254.208333   75.2   2.8 0.000
254.208333 254.250000   74.4   2.8 0.000
254.250000 254.291667   74.2   2.8 0.000
254.291667 254.333333   69.2   2.8 0.000
254.333333 254.375000   71.2   2.8 0.000
254.375000 254.416667   70.3   2.7 0.000
254.416667 254.458333   66.2   2.8 0.000
254.458333 254.500000   66.2   2.7 0.000
254.500000 254.541667   69.9   2.8 0.000
254.541667 254.583333   74.4   2.8 0.000
254.583333 254.625000   73.0   2.8 0.000
254.625000 254.666667   77.4   2.8 0.000
254.666667 254.708333   83.8   2.8 0.000
254.708333 254.750000   83.2   2.8 0.000
254.750000 254.791667   84.6   2.8 0.000
254.791667 254.833333   97.8   2.9 0.000
254.833333 254.875000  106.3   2.9 0.000
254.875000 254.916667  119.5   3.1 0.000
254.916667 254.958333  122.9   3.0 0.000
254.958333 255.000000  124.8   3.0 0.000
255.000000 255.041667  118.0   3.0 0.000
255.041667 255.083333  118.3   3.0 0.000
255.083333 255.125000  113.2   2.9 0.000
255.125000 255.166667  105.3   2.9 0.000
255.166667 255.208333   97.0   2.9 0.000
255.208333 255.250000   92.7   2.9 0.000
255.250000 255.291667   78.9   2.8 0.000
255.291667 255.333333   70.6   2.7 0.000
255.333333 255.375000   67.7   2.7 0.000
255.375000 255.416667   69.7   2.8 0.000
255.416667 255.458333   70.6   2.7 0.000
255.458333 255.500000   69.9   2.8 0.000
255.500000 255.541667   66.3   2.7 0.000
255.541667 255.583333   67.1   2.7 0.000
255.583333 255.625000   68.8   2.7 0.000
255.625000 255.666667   70.2   2.8 0.000
255.666667 255.708333   65.7   2.8 0.000
255.708333 255.750000   68.2   2.7 0.000
255.750000 255.791667   70.4   2.7 0.000
255.791667 255.833333   70.1   2.7 0.000
255.833333 255.875000   72.4   2.7 0.000
255.875000 255.916667   74.4   2.8 0.000
255.916667 255.958333   78.3   2.8 0.000
255.958333 256.000000   74.5   2.8 0.000
256.000000 256.041667   77.6   2.8 0.000
256.041667 256.083333   72.4   2.8 0.000
256.083333 256.125000   75.0   2.8 0.000
256.125000 256.166667   70.8   2.7 0.000
256.166667 256.208333   71.0   2.7 0.000
256.208333 256.250000   68.0   2.7 0.000
256.250000 256.291667   58.1   2.7 0.000
256.291667 256.333333   57.3   2.7 0.000
256.333333 256.375000   60.9   2.7 0.000
256.375000 256.416667   61.8   2.7 0.000
256.416667 256.458333   60.5   2.7 0.000
256.458333 256.500000   62.3   2.7 0.000
256.500000 256.541667   66.5   2.7 0.000
256.541667 256.583333   70.3   2.8 0.000
256.583333 256.625000   69.0   2.7 0.000
256.625000 256.666667   68.9   2.8 0.000
256.666667 256.708333   65.2   2.7 0.000
256.708333 256.750000   70.0   2.7 0.000
256.750000 256.791667   75.2   2.8 0.000
256.791667 256.833333   74.4   2.8 0.000
256.833333 256.875000   77.0   2.8 0.000
256.875000 256.916667   74.9   2.8 0.000
256.916667 256.958333   72.8   2.8 0.000
256.958333 257.000000   75.4   2.8 0.000
257.000000 257.041667   77.3   2.8 0.000
257.041667 257.083333   75.3   2.8 0.000
257.083333 257.125000   73.0   2.8 0.000
257.125000 257.166667   72.0   2.7 0.000
257.166667 257.208333   69.5   2.7 0.000
257.208333 257.250000   66.0   2.7 0.000
257.250000 257.291667   62.6   2.7 0.000
257.291667 257.333333   62.4   2.7 0.000
257.333333 257.375000   65.9   2.7 0.000
257.375000 257.416667   65.6   2.7 0.000
257.416667 257.458333   65.0   2.7 0.000
257.458333 257.500000   63.3   2.7 0.000
257.500000 257.541667   68.2   2.7 0.000
257.541667 257.583333   70.4   2.8 0.000
257.583333 257.625000   71.5   2.7 0.000
257.625000 257.666667   73.4   2.8 0.000
257.666667 257.708333   73.4   2.8 0.000
257.708333 257.750000   75.2   2.8 0.000
257.750000 257.791667   75.9   2.8 0.000
257.791667 257.833333   75.6   2.8 0.000
257.833333 257.875000   68.5   2.7 0.000
257.875000 257.916667   66.4   2.7 0.000
257.916667 257.958333   70.4   2.7 0.000
257.958333 258.000000   70.5   2.7 0.000
258.000000 258.041667   70.4   2.7 0.000
258.041667 258.083333   69.4   2.7 0.000
258.083333 258.125000   71.8   2.7 0.000
258.125000 258.166667   72.0   2.7 0.000
258.166667 258.208333   70.8   2.8 0.000
258.208333 258.250000   71.7   2.7 0.000
258.250000 258.291667   69.3   2.7 0.000
258.291667 258.333333   66.1   2.7 0.000
258.333333 258.375000   67.8   2.7 0.000
258.375000 258.416667   69.9   2.8 0.000
258.416667 258.458333   73.1   2.9 0.000
258.458333 258.500000 9999.9 999.9 0.999
258.500000 258.541667 9999.9 999.9 0.999
258.541667 258.583333 9999.9 999.9 0.999
258.583333 258.625000 9999.9 999.9 0.999
258.625000 258.666667 9999.9 999.9 0.999
258.666667 258.708333   74.5   4.0 0.000
258.708333 258.750000   70.4   2.8 0.000
258.750000 258.791667   70.5   2.8 0.000
258.791667 258.833333   75.2   2.8 0.000
258.833333 258.875000   86.8   2.8 0.000
258.875000 258.916667   94.0   2.9 0.000
258.916667 258.958333   97.3   2.9 0.000
258.958333 259.000000  116.2   3.0 0.000
259.000000 259.041667  123.4   3.0 0.000
259.041667 259.083333  107.0   2.9 0.000
259.083333 259.125000   99.7   2.9 0.000
259.125000 259.166667   94.7   2.9 0.000
259.166667 259.208333   87.9   2.8 0.000
259.208333 259.250000   88.7   2.8 0.000
259.250000 259.291667   80.8   2.8 0.000
259.291667 259.333333   74.5   2.8 0.000
259.333333 259.375000   79.1   2.9 0.000
259.375000 259.416667   72.8   2.8 0.000
259.416667 259.458333   72.4   2.8 0.000
259.458333 259.500000   74.5   2.8 0.000
259.500000 259.541667   71.4   2.8 0.000
259.541667 259.583333   66.4   2.8 0.000
259.583333 259.625000   61.3   2.7 0.000
259.625000 259.666667   64.1   2.7 0.000
259.666667 259.708333   63.3   2.7 0.000
259.708333 259.750000   62.5   2.8 0.000
259.750000 259.791667   58.4   2.7 0.000
259.791667 259.833333   61.4   2.7 0.000
259.833333 259.875000   60.6   2.7 0.000
259.875000 259.916667   60.6   2.8 0.000
259.916667 259.958333   66.9   2.8 0.000
259.958333 260.000000   60.5   2.8 0.000
260.000000 260.041667 9999.9 999.9 0.999
260.041667 260.083333 9999.9 999.9 0.999
260.083333 260.125000 9999.9 999.9 0.999
260.125000 260.166667 9999.9 999.9 0.999
260.166667 260.208333 9999.9 999.9 0.999
260.208333 260.250000 9999.9 999.9 0.999
260.250000 260.291667 9999.9 999.9 0.999
260.291667 260.333333 9999.9 999.9 0.999
260.333333 260.375000 9999.9 999.9 0.999
260.375000 260.416667 9999.9 999.9 0.999
260.416667 260.458333 9999.9 999.9 0.999
260.458333 260.500000 9999.9 999.9 0.999
260.500000 260.541667 9999.9 999.9 0.999
260.541667 260.583333 9999.9 999.9 0.999
260.583333 260.625000 9999.9 999.9 0.999
260.625000 260.666667 9999.9 999.9 0.999
260.666667 260.708333 9999.9 999.9 0.999
260.708333 260.750000 9999.9 999.9 0.999
260.750000 260.791667 9999.9 999.9 0.999
260.791667 260.833333 9999.9 999.9 0.999
260.833333 260.875000 9999.9 999.9 0.999
260.875000 260.916667 9999.9 999.9 0.999
260.916667 260.958333 9999.9 999.9 0.999
260.958333 261.000000 9999.9 999.9 0.999
261.000000 261.041667 9999.9 999.9 0.999
261.041667 261.083333 9999.9 999.9 0.999
261.083333 261.125000 9999.9 999.9 0.999
261.125000 261.166667 9999.9 999.9 0.999
261.166667 261.208333 9999.9 999.9 0.999
261.208333 261.250000 9999.9 999.9 0.999
261.250000 261.291667 9999.9 999.9 0.999
261.291667 261.333333 9999.9 999.9 0.999
261.333333 261.375000 9999.9 999.9 0.999
261.375000 261.416667 9999.9 999.9 0.999
261.416667 261.458333 9999.9 999.9 0.999
261.458333 261.500000 9999.9 999.9 0.999
261.500000 261.541667 9999.9 999.9 0.999
261.541667 261.583333 9999.9 999.9 0.999
261.583333 261.625000 9999.9 999.9 0.999
261.625000 261.666667 9999.9 999.9 0.999
261.666667 261.708333 9999.9 999.9 0.999
261.708333 261.750000 9999.9 999.9 0.999
261.750000 261.791667 9999.9 999.9 0.999
261.791667 261.833333 9999.9 999.9 0.999
261.833333 261.875000 9999.9 999.9 0.999
261.875000 261.916667 9999.9 999.9 0.999
261.916667 261.958333 9999.9 999.9 0.999
261.958333 262.000000 9999.9 999.9 0.999
262.000000 262.041667 9999.9 999.9 0.999
262.041667 262.083333 9999.9 999.9 0.999
262.083333 262.125000 9999.9 999.9 0.999
262.125000 262.166667 9999.9 999.9 0.999
262.166667 262.208333 9999.9 999.9 0.999
262.208333 262.250000 9999.9 999.9 0.999
262.250000 262.291667 9999.9 999.9 0.999
262.291667 262.333333 9999.9 999.9 0.999
262.333333 262.375000 9999.9 999.9 0.999
262.375000 262.416667 9999.9 999.9 0.999
262.416667 262.458333 9999.9 999.9 0.999
262.458333 262.500000 9999.9 999.9 0.999
262.500000 262.541667 9999.9 999.9 0.999
262.541667 262.583333 9999.9 999.9 0.999
262.583333 262.625000 9999.9 999.9 0.999
262.625000 262.666667 9999.9 999.9 0.999
262.666667 262.708333 9999.9 999.9 0.999
262.708333 262.750000 9999.9 999.9 0.999
262.750000 262.791667 9999.9 999.9 0.999
262.791667 262.833333 9999.9 999.9 0.999
262.833333 262.875000 9999.9 999.9 0.999
262.875000 262.916667 9999.9 999.9 0.999
262.916667 262.958333 9999.9 999.9 0.999
262.958333 263.000000 9999.9 999.9 0.999
263.000000 263.041667 9999.9 999.9 0.999
263.041667 263.083333 9999.9 999.9 0.999
263.083333 263.125000 9999.9 999.9 0.999
263.125000 263.166667 9999.9 999.9 0.999
263.166667 263.208333 9999.9 999.9 0.999
263.208333 263.250000 9999.9 999.9 0.999
263.250000 263.291667 9999.9 999.9 0.999
263.291667 263.333333 9999.9 999.9 0.999
263.333333 263.375000 9999.9 999.9 0.999
263.375000 263.416667 9999.9 999.9 0.999
263.416667 263.458333 9999.9 999.9 0.999
263.458333 263.500000 9999.9 999.9 0.999
263.500000 263.541667 9999.9 999.9 0.999
263.541667 263.583333 9999.9 999.9 0.999
263.583333 263.625000 9999.9 999.9 0.999
263.625000 263.666667 9999.9 999.9 0.999
263.666667 263.708333 9999.9 999.9 0.999
263.708333 263.750000   61.2   7.5 0.000
263.750000 263.791667   59.6   2.8 0.000
263.791667 263.833333   59.4   2.7 0.000
263.833333 263.875000   55.0   2.7 0.000
263.875000 263.916667   52.4   2.7 0.000
263.916667 263.958333   52.9   2.7 0.000
263.958333 264.000000   51.0   2.7 0.000
264.000000 264.041667   55.4   2.7 0.000
264.041667 264.083333   53.3   2.7 0.000
264.083333 264.125000   50.0   2.7 0.000
264.125000 264.166667   45.5   2.7 0.000
264.166667 264.208333   57.2   2.7 0.000
264.208333 264.250000   58.0   2.7 0.000
264.250000 264.291667   54.1   2.7 0.000
264.291667 264.333333   66.6   2.8 0.000
264.333333 264.375000   65.7   2.7 0.000
264.375000 264.416667   58.2   2.7 0.000
264.416667 264.458333   55.1   2.7 0.000
264.458333 264.500000   56.4   2.7 0.000
264.500000 264.541667   52.8   2.7 0.000
264.541667 264.583333   50.7   2.7 0.000
264.583333 264.625000   51.6   2.7 0.000
264.625000 264.666667   49.0   2.7 0.000
264.666667 264.708333   54.4   2.7 0.000
264.708333 264.750000   57.7   2.7 0.000
