data/ebas/o3_legacy/KE0001G.20060101000000.20100322000000.uv_abs.ozone.air.5mo.1h.CH01L_uv_abs_MKN.CH01L_uv_abs..nas
57 1001
Henne, Stefan; Aseyo, John; Thiong'o, Kennedy
CH01L, Swiss Federal Laboratories for Materials Science and Technology, EMPA, Section Air Pollution, Überlandstrasse 133, , 8600, Dübendorf, Switzerland
Henne, Stefan; Klausen, Joerg
GAW-WDCRG sel_HTAP
1 1
2006 01 01 2010 03 22
0.041667
days from file reference point
4
1 1 1 1
999.999999 9999.9 99.9 9.999
end_time of measurement, days from the file reference point
ozone, ug/m3, Statistics=arithmetic mean
ozone, ug/m3, Statistics=stddev
numflag, no unit
0
39
Data definition:              EBAS_1.1
Set type code:                TU
Timezone:                     UTC
File name:                    KE0001G.20060101000000.20100322000000.uv_abs.ozone.air.5mo.1h.CH01L_uv_abs_MKN.CH01L_uv_abs..nas
File creation:                20220610064453030000
Export state:                 20220610064431313000
Export filter:                exclude-900,exclude-invalid
Startdate:                    20060101000000
Revision date:                20100322000000
Data level:                   
Period code:                  5mo
Resolution code:              1h
Station code:                 KE0001G
Platform code:                KE0001S
Station name:                 Mt. Kenya
Station WDCA-ID:              GAWAKE__MKN
Station GAW-ID:               MKN
Station GAW-Name:             Mt. Kenya
Station land use:             Grassland
Station setting:              Mountain
Station GAW type:             G
Station WMO region:           1
Station latitude:             -0.0622
Station longitude:            37.2972
Station altitude:             3678.0 m
Regime:                       IMG
Component:                    ozone
Unit:                         ug/m3
Matrix:                       air
Laboratory code:              CH01L
Instrument type:              uv_abs
Instrument name:              uv_abs_MKN
Method ref:                   CH01L_uv_abs
Originator:                   Henne, Stefan, , , , , , , , , 
Originator:                   Aseyo, John, , , , , , , , , 
Originator:                   Thiong'o, Kennedy, , , , , , , , , 
Submitter:                    Henne, Stefan, , , , , , , , , 
Submitter:                    Klausen, Joerg, , , , , , , , , 
starttime endtime O3 O3 flag
[from data line 3201]
133.375000 133.416667   60.4  2.6 0.000
133.416667 133.458333   61.8  2.6 0.000
133.458333 133.500000   62.5  2.6 0.000
133.500000 133.541667   67.6  2.6 0.000
133.541667 133.583333   62.2  2.6 0.000
133.583333 133.625000   59.2  2.6 0.000
133.625000 133.666667   54.1  2.6 0.000
133.666667 133.708333   50.6  2.5 0.000
133.708333 133.750000   50.8  2.5 0.000
133.750000 133.791667   55.7  2.6 0.000
133.791667 133.833333   56.8  2.6 0.000
133.833333 133.875000   56.6  2.6 0.000
133.875000 133.916667   57.0  2.6 0.000
133.916667 133.958333   63.8  2.6 0.000
133.958333 134.000000   66.0  2.6 0.000
134.000000 134.041667   63.8  2.6 0.000
134.041667 134.083333   57.9  2.6 0.000
134.083333 134.125000   46.5  2.5 0.000
134.125000 134.166667   51.0  2.5 0.000
134.166667 134.208333   50.2  2.5 0.000
134.208333 134.250000   54.0  2.6 0.000
134.250000 134.291667   69.4  2.6 0.000
134.291667 134.333333   67.4  2.6 0.000
134.333333 134.375000   59.3  2.6 0.000
134.375000 134.416667   60.6  2.6 0.000
134.416667 134.458333   62.6  2.6 0.000
134.458333 134.500000   64.9  2.6 0.000
134.500000 134.541667   62.5  2.6 0.000
134.541667 134.583333   61.2  2.6 0.000
134.583333 134.625000   57.4  2.6 0.000
134.625000 134.666667   56.5  2.6 0.000
134.666667 134.708333   55.0  2.6 0.000
134.708333 134.750000   54.0  2.6 0.000
134.750000 134.791667   53.1  2.6 0.000
134.791667 134.833333   55.4  2.6 0.000
134.833333 134.875000   55.3  2.6 0.000
134.875000 134.916667   61.6  2.6 0.000
134.916667 134.958333   60.1  2.6 0.000
134.958333 135.000000   51.8  2.5 0.000
135.000000 135.041667   53.5  2.6 0.000
135.041667 135.083333   55.6  2.6 0.000
135.083333 135.125000   54.8  2.6 0.000
135.125000 135.166667   48.0  2.5 0.000
135.166667 135.208333   45.4  2.5 0.000
135.208333 135.250000   43.4  2.5 0.000
135.250000 135.291667   46.7  2.5 0.000
135.291667 135.333333   50.1  2.5 0.000
135.333333 135.375000   53.0  2.6 0.000
135.375000 135.416667   55.5  2.6 0.000
135.416667 135.458333   53.3  2.6 0.000
135.458333 135.500000   56.0  2.6 0.000
135.500000 135.541667   53.3  2.6 0.000
135.541667 135.583333   57.3  2.6 0.000
135.583333 135.625000   55.3  2.6 0.000
135.625000 135.666667   56.0  2.6 0.000
135.666667 135.708333   52.3  2.5 0.000
135.708333 135.750000   53.6  2.6 0.000
135.750000 135.791667   51.8  2.5 0.000
135.791667 135.833333   44.5  2.5 0.000
135.833333 135.875000   37.2  2.5 0.000
135.875000 135.916667   39.0  2.5 0.000
135.916667 135.958333   39.0  2.5 0.000
135.958333 136.000000   38.7  2.5 0.000
136.000000 136.041667   38.3  2.5 0.000
136.041667 136.083333   39.5  2.5 0.000
136.083333 136.125000   35.8  2.5 0.000
136.125000 136.166667   34.6  2.5 0.000
136.166667 136.208333   29.7  2.5 0.000
136.208333 136.250000   34.6  2.5 0.000
136.250000 136.291667   34.2  2.5 0.000
136.291667 136.333333   47.5  2.5 0.000
136.333333 136.375000   47.4  2.5 0.000
136.375000 136.416667   49.9  2.5 0.000
136.416667 136.458333   50.8  2.5 0.000
136.458333 136.500000   48.2  2.5 0.000
136.500000 136.541667   47.2  2.5 0.000
136.541667 136.583333   47.5  2.5 0.000
136.583333 136.625000   44.2  2.5 0.000
136.625000 136.666667   42.5  2.5 0.000
136.666667 136.708333   44.6  2.5 0.000
136.708333 136.750000   51.0  2.5 0.000
136.750000 136.791667   52.0  2.5 0.000
136.791667 136.833333   52.5  2.6 0.000
136.833333 136.875000   50.3  2.5 0.000
136.875000 136.916667   41.4  2.5 0.000
136.916667 136.958333   41.0  2.5 0.000
136.958333 137.000000   42.7  2.5 0.000
137.000000 137.041667   46.2  2.5 0.000
137.041667 137.083333   48.1  2.5 0.000
137.083333 137.125000   49.0  2.5 0.000
137.125000 137.166667   50.2  2.5 0.000
137.166667 137.208333   60.1  2.6 0.000
137.208333 137.250000   54.7  2.6 0.000
137.250000 137.291667   51.1  2.5 0.000
137.291667 137.333333   51.6  2.5 0.000
137.333333 137.375000   58.9  2.6 0.000
137.375000 137.416667   59.1  2.6 0.000
137.416667 137.458333   57.7  2.6 0.000
137.458333 137.500000   61.4  2.6 0.000
137.500000 137.541667   65.5  2.6 0.000
137.541667 137.583333   63.2  2.6 0.000
137.583333 137.625000   61.3  2.6 0.000
137.625000 137.666667   59.3  2.6 0.000
137.666667 137.708333   66.5  2.6 0.000
137.708333 137.750000   64.0  2.6 0.000
137.750000 137.791667   62.8  2.6 0.000
137.791667 137.833333   66.6  2.6 0.000
137.833333 137.875000   66.6  2.6 0.000
137.875000 137.916667   57.1  2.6 0.000
137.916667 137.958333   61.6  2.6 0.000
137.958333 138.000000   61.2  2.6 0.000
138.000000 138.041667   60.6  2.6 0.000
138.041667 138.083333   63.0  2.6 0.000
138.083333 138.125000   63.3  2.6 0.000
138.125000 138.166667   64.5  2.6 0.000
138.166667 138.208333   65.8  2.6 0.000
138.208333 138.250000   64.7  2.6 0.000
138.250000 138.291667   67.6  2.6 0.000
138.291667 138.333333   74.5  2.6 0.000
138.333333 138.375000   86.2  2.6 0.000
138.375000 138.416667   77.9  2.6 0.000
138.416667 138.458333   76.7  2.6 0.000
138.458333 138.500000   71.0  2.6 0.000
138.500000 138.541667   68.2  2.6 0.000
138.541667 138.583333   63.3  2.6 0.000
138.583333 138.625000   62.5  2.6 0.000
138.625000 138.666667   74.2  2.6 0.000
138.666667 138.708333   80.4  2.6 0.000
138.708333 138.750000   75.9  2.6 0.000
138.750000 138.791667   74.4  2.6 0.000
138.791667 138.833333   74.9  2.6 0.000
138.833333 138.875000   69.4  2.6 0.000
138.875000 138.916667   72.2  2.6 0.000
138.916667 138.958333   71.4  2.6 0.000
138.958333 139.000000   67.3  2.6 0.000
139.000000 139.041667   72.4  2.6 0.000
139.041667 139.083333   70.6  2.6 0.000
139.083333 139.125000   73.6  2.6 0.000
139.125000 139.166667   75.2  2.6 0.000
139.166667 139.208333   77.0  2.6 0.000
139.208333 139.250000   68.7  2.6 0.000
139.250000 139.291667   69.5  2.6 0.000
139.291667 139.333333   73.0  2.6 0.000
139.333333 139.375000   86.7  2.6 0.000
139.375000 139.416667   85.0  2.6 0.000
139.416667 139.458333   86.5  2.6 0.000
139.458333 139.500000   80.8  2.6 0.000
139.500000 139.541667   78.4  2.6 0.000
139.541667 139.583333   74.8  2.6 0.000
139.583333 139.625000   71.1  2.6 0.000
139.625000 139.666667   65.9  2.6 0.000
139.666667 139.708333   63.4  2.6 0.000
139.708333 139.750000   69.4  2.6 0.000
139.750000 139.791667   75.7  2.6 0.000
139.791667 139.833333   78.4  2.6 0.000
139.833333 139.875000   91.2  2.7 0.000
139.875000 139.916667   95.3  2.7 0.000
139.916667 139.958333  104.3  2.7 0.000
139.958333 140.000000  109.8  2.7 0.000
140.000000 140.041667   94.8  2.7 0.000
140.041667 140.083333   95.0  2.7 0.000
140.083333 140.125000   93.7  2.7 0.000
140.125000 140.166667   81.7  2.6 0.000
140.166667 140.208333   72.2  2.6 0.000
140.208333 140.250000   72.2  2.6 0.000
140.250000 140.291667   84.1  2.6 0.000
140.291667 140.333333   57.1  2.6 0.000
140.333333 140.375000   57.6  2.6 0.000
140.375000 140.416667   66.5  2.6 0.000
140.416667 140.458333   64.2  2.6 0.000
140.458333 140.500000   62.5  2.6 0.000
140.500000 140.541667   58.8  2.6 0.000
140.541667 140.583333   59.9  2.6 0.000
140.583333 140.625000   56.9  2.6 0.000
140.625000 140.666667   53.3  2.6 0.000
140.666667 140.708333   55.0  2.6 0.000
140.708333 140.750000   76.4  2.6 0.000
140.750000 140.791667   78.5  2.6 0.000
140.791667 140.833333   71.1  2.6 0.000
140.833333 140.875000   67.8  2.6 0.000
140.875000 140.916667   62.1  2.6 0.000
140.916667 140.958333   64.6  2.6 0.000
140.958333 141.000000   62.2  2.6 0.000
141.000000 141.041667   64.1  2.6 0.000
141.041667 141.083333   63.4  2.6 0.000
141.083333 141.125000   54.5  2.6 0.000
141.125000 141.166667   66.9  2.6 0.000
141.166667 141.208333   58.1  2.6 0.000
141.208333 141.250000   64.2  2.6 0.000
141.250000 141.291667   68.9  2.6 0.000
141.291667 141.333333   65.7  2.6 0.000
141.333333 141.375000   58.9  2.6 0.000
141.375000 141.416667   58.1  2.6 0.000
141.416667 141.458333   59.3  2.6 0.000
141.458333 141.500000   58.9  2.6 0.000
141.500000 141.541667   57.1  2.6 0.000
141.541667 141.583333   57.5  2.6 0.000
141.583333 141.625000   56.9  2.6 0.000
141.625000 141.666667   57.6  2.6 0.000
141.666667 141.708333   57.8  2.6 0.000
141.708333 141.750000   64.0  2.6 0.000
141.750000 141.791667   60.2  2.6 0.000
141.791667 141.833333   61.1  2.6 0.000
141.833333 141.875000   60.9  2.6 0.000
141.875000 141.916667   62.6  2.6 0.000
141.916667 141.958333   63.1  2.6 0.000
141.958333 142.000000   56.7  2.6 0.000
142.000000 142.041667   67.7  2.6 0.000
142.041667 142.083333   62.6  2.6 0.000
142.083333 142.125000   55.1  2.6 0.000
142.125000 142.166667   60.7  2.6 0.000
142.166667 142.208333   68.7  2.6 0.000
142.208333 142.250000   56.0  2.6 0.000
142.250000 142.291667   48.6  2.5 0.000
142.291667 142.333333   44.3  2.5 0.000
142.333333 142.375000   53.0  2.6 0.000
142.375000 142.416667   59.7  2.6 0.000
142.416667 142.458333   59.6  2.6 0.000
142.458333 142.500000   57.8  2.6 0.000
142.500000 142.541667   58.0  2.6 0.000
142.541667 142.583333   57.7  2.6 0.000
142.583333 142.625000   60.0  2.6 0.000
142.625000 142.666667   60.9  2.6 0.000
142.666667 142.708333   61.5  2.6 0.000
142.708333 142.750000   64.6  2.6 0.000
142.750000 142.791667   64.2  2.6 0.000
142.791667 142.833333   63.8  2.6 0.000
142.833333 142.875000   66.7  2.6 0.000
142.875000 142.916667   60.2  2.6 0.000
142.916667 142.958333   58.2  2.6 0.000
142.958333 143.000000   58.1  2.6 0.000
143.000000 143.041667   60.1  2.6 0.000
143.041667 143.083333   63.0  2.6 0.000
143.083333 143.125000   65.1  2.6 0.000
143.125000 143.166667   66.5  2.6 0.000
143.166667 143.208333   62.9  2.6 0.000
143.208333 143.250000   57.0  2.6 0.000
143.250000 143.291667   55.5  2.6 0.000
143.291667 143.333333   48.4  2.5 0.000
143.333333 143.375000   45.7  2.5 0.000
143.375000 143.416667   46.0  2.5 0.000
143.416667 143.458333   45.9  2.5 0.000
143.458333 143.500000   43.8  2.5 0.000
143.500000 143.541667   39.4  2.5 0.000
143.541667 143.583333   38.4  2.5 0.000
143.583333 143.625000   39.8  2.5 0.000
143.625000 143.666667   42.2  2.5 0.000
143.666667 143.708333   42.0  2.5 0.000
143.708333 143.750000   44.7  2.5 0.000
143.750000 143.791667   44.0  2.5 0.000
143.791667 143.833333   45.5  2.5 0.000
143.833333 143.875000   44.8  2.5 0.000
143.875000 143.916667   44.6  2.5 0.000
143.916667 143.958333   45.7  2.5 0.000
143.958333 144.000000   45.5  2.5 0.000
144.000000 144.041667   45.3  2.5 0.000
144.041667 144.083333   47.9  2.5 0.000
144.083333 144.125000   50.8  2.5 0.000
144.125000 144.166667   52.0  2.5 0.000
144.166667 144.208333   50.4  2.5 0.000
144.208333 144.250000   46.7  2.5 0.000
144.250000 144.291667   38.1  2.5 0.000
144.291667 144.333333   34.1  2.5 0.000
144.333333 144.375000   39.1  2.5 0.000
144.375000 144.416667   40.6  2.5 0.000
144.416667 144.458333   39.8  2.5 0.000
144.458333 144.500000   37.8  2.5 0.000
144.500000 144.541667   39.9  2.5 0.000
144.541667 144.583333   57.6  2.6 0.000
144.583333 144.625000   59.6  2.6 0.000
144.625000 144.666667   52.5  2.6 0.000
144.666667 144.708333   56.7  2.6 0.000
144.708333 144.750000   60.2  2.6 0.000
144.750000 144.791667   60.4  2.6 0.000
144.791667 144.833333   56.9  2.6 0.000
144.833333 144.875000   59.7  2.6 0.000
144.875000 144.916667   57.2  2.6 0.000
144.916667 144.958333   49.2  2.5 0.000
144.958333 145.000000   52.4  2.6 0.000
145.000000 145.041667   47.9  2.5 0.000
145.041667 145.083333   50.9  2.5 0.000
145.083333 145.125000   47.7  2.5 0.000
145.125000 145.166667   39.7  2.5 0.000
145.166667 145.208333   40.8  2.5 0.000
145.208333 145.250000   42.9  2.5 0.000
145.250000 145.291667   41.4  2.5 0.000
145.291667 145.333333   33.4  2.5 0.000
145.333333 145.375000   32.3  2.5 0.000
145.375000 145.416667   35.8  2.5 0.000
145.416667 145.458333   37.3  2.5 0.000
145.458333 145.500000   40.7  2.5 0.000
145.500000 145.541667   41.0  2.5 0.000
145.541667 145.583333   39.8  2.5 0.000
145.583333 145.625000   43.3  2.5 0.000
145.625000 145.666667   49.7  2.5 0.000
145.666667 145.708333   48.9  2.5 0.000
145.708333 145.750000   47.4  2.5 0.000
145.750000 145.791667   45.1  2.5 0.000
145.791667 145.833333   50.1  2.5 0.000
145.833333 145.875000   51.5  2.5 0.000
145.875000 145.916667   51.2  2.5 0.000
145.916667 145.958333   51.2  2.5 0.000
145.958333 146.000000   52.9  2.6 0.000
146.000000 146.041667   53.3  2.6 0.000
146.041667 146.083333   57.3  2.6 0.000
146.083333 146.125000   59.2  2.6 0.000
146.125000 146.166667   52.6  2.6 0.000
146.166667 146.208333   49.8  2.6 0.000
146.208333 146.250000 9999.9 99.9 0.999
146.250000 146.291667 9999.9 99.9 0.999
146.291667 146.333333 9999.9 99.9 0.999
146.333333 146.375000 9999.9 99.9 0.999
146.375000 146.416667 9999.9 99.9 0.999
146.416667 146.458333 9999.9 99.9 0.999
146.458333 146.500000 9999.9 99.9 0.999
146.500000 146.541667 9999.9 99.9 0.999
146.541667 146.583333 9999.9 99.9 0.999
146.583333 146.625000 9999.9 99.9 0.999
146.625000 146.666667 9999.9 99.9 0.999
146.666667 146.708333 9999.9 99.9 0.999
146.708333 146.750000 9999.9 99.9 0.999
146.750000 146.791667 9999.9 99.9 0.999
146.791667 146.833333 9999.9 99.9 0.999
146.833333 146.875000 9999.9 99.9 0.999
146.875000 146.916667 9999.9 99.9 0.999
146.916667 146.958333 9999.9 99.9 0.999
146.958333 147.000000 9999.9 99.9 0.999
147.000000 147.041667 9999.9 99.9 0.999
147.041667 147.083333 9999.9 99.9 0.999
147.083333 147.125000 9999.9 99.9 0.999
147.125000 147.166667 9999.9 99.9 0.999
147.166667 147.208333 9999.9 99.9 0.999
147.208333 147.250000 9999.9 99.9 0.999
147.250000 147.291667 9999.9 99.9 0.999
147.291667 147.333333 9999.9 99.9 0.999
147.333333 147.375000 9999.9 99.9 0.999
147.375000 147.416667 9999.9 99.9 0.999
147.416667 147.458333 9999.9 99.9 0.999
147.458333 147.500000 9999.9 99.9 0.999
147.500000 147.541667 9999.9 99.9 0.999
147.541667 147.583333 9999.9 99.9 0.999
147.583333 147.625000 9999.9 99.9 0.999
147.625000 147.666667 9999.9 99.9 0.999
147.666667 147.708333 9999.9 99.9 0.999
147.708333 147.750000 9999.9 99.9 0.999
147.750000 147.791667 9999.9 99.9 0.999
147.791667 147.833333 9999.9 99.9 0.999
147.833333 147.875000 9999.9 99.9 0.999
147.875000 147.916667 9999.9 99.9 0.999
147.916667 147.958333 9999.9 99.9 0.999
147.958333 148.000000 9999.9 99.9 0.999
148.000000 148.041667 9999.9 99.9 0.999
148.041667 148.083333 9999.9 99.9 0.999
148.083333 148.125000 9999.9 99.9 0.999
148.125000 148.166667 9999.9 99.9 0.999
148.166667 148.208333 9999.9 99.9 0.999
148.208333 148.250000 9999.9 99.9 0.999
148.250000 148.291667 9999.9 99.9 0.999
148.291667 148.333333 9999.9 99.9 0.999
148.333333 148.375000 9999.9 99.9 0.999
148.375000 148.416667 9999.9 99.9 0.999
148.416667 148.458333 9999.9 99.9 0.999
148.458333 148.500000 9999.9 99.9 0.999
148.500000 148.541667 9999.9 99.9 0.999
148.541667 148.583333 9999.9 99.9 0.999
148.583333 148.625000 9999.9 99.9 0.999
148.625000 148.666667 9999.9 99.9 0.999
148.666667 148.708333 9999.9 99.9 0.999
148.708333 148.750000 9999.9 99.9 0.999
148.750000 148.791667 9999.9 99.9 0.999
148.791667 148.833333 9999.9 99.9 0.999
148.833333 148.875000 9999.9 99.9 0.999
148.875000 148.916667 9999.9 99.9 0.999
148.916667 148.958333 9999.9 99.9 0.999
148.958333 149.000000 9999.9 99.9 0.999
149.000000 149.041667 9999.9 99.9 0.999
149.041667 149.083333 9999.9 99.9 0.999
149.083333 149.125000 9999.9 99.9 0.999
149.125000 149.166667 9999.9 99.9 0.999
149.166667 149.208333 9999.9 99.9 0.999
149.208333 149.250000 9999.9 99.9 0.999
149.250000 149.291667 9999.9 99.9 0.999
149.291667 149.333333 9999.9 99.9 0.999
149.333333 149.375000 9999.9 99.9 0.999
149.375000 149.416667 9999.9 99.9 0.999
149.416667 149.458333 9999.9 99.9 0.999
149.458333 149.500000 9999.9 99.9 0.999
149.500000 149.541667 9999.9 99.9 0.999
149.541667 149.583333 9999.9 99.9 0.999
149.583333 149.625000 9999.9 99.9 0.999
149.625000 149.666667 9999.9 99.9 0.999
149.666667 149.708333 9999.9 99.9 0.999
149.708333 149.750000 9999.9 99.9 0.999
149.750000 149.791667 9999.9 99.9 0.999
149.791667 149.833333 9999.9 99.9 0.999
149.833333 149.875000 9999.9 99.9 0.999
149.875000 149.916667 9999.9 99.9 0.999
149.916667 149.958333 9999.9 99.9 0.999
149.958333 150.000000 9999.9 99.9 0.999
