data/ebas/o3_legacy/KE0001G.20060101000000.20100322000000.uv_abs.ozone.air.5mo.1h.CH01L_uv_abs_MKN.CH01L_uv_abs..nas
57 1001
Henne, Stefan; Aseyo, John; Thiong'o, Kennedy
CH01L, Swiss Federal Laboratories for Materials Science and Technology, EMPA, Section Air Pollution, Überlandstrasse 133, , 8600, Dübendorf, Switzerland
Henne, Stefan; Klausen, Joerg
GAW-WDCRG sel_HTAP
1 1
2006 01 01 2010 03 22
0.041667
days from file reference point
4
1 1 1 1
999.999999 9999.9 99.9 9.999
end_time of measurement, days from the file reference point
ozone, ug/m3, Statistics=arithmetic mean
ozone, ug/m3, Statistics=stddev
numflag, no unit
0
39
Data definition:              EBAS_1.1
Set type code:                TU
Timezone:                     UTC
File name:                    KE0001G.20060101000000.20100322000000.uv_abs.ozone.air.5mo.1h.CH01L_uv_abs_MKN.CH01L_uv_abs..nas
File creation:                20220610064453030000
Export state:                 20220610064431313000
Export filter:                exclude-900,exclude-invalid
Startdate:                    20060101000000
Revision date:                20100322000000
Data level:                   
Period code:                  5mo
Resolution code:              1h
Station code:                 KE0001G
Platform code:                KE0001S
Station name:                 Mt. Kenya
Station WDCA-ID:              GAWAKE__MKN
Station GAW-ID:               MKN
Station GAW-Name:             Mt. Kenya
Station land use:             Grassland
Station setting:              Mountain
Station GAW type:             G
Station WMO region:           1
Station latitude:             -0.0622
Station longitude:            37.2972
Station altitude:             3678.0 m
Regime:                       IMG
Component:                    ozone
Unit:                         ug/m3
Matrix:                       air
Laboratory code:              CH01L
Instrument type:              uv_abs
Instrument name:              uv_abs_MKN
Method ref:                   CH01L_uv_abs
Originator:                   Henne, Stefan, , , , , , , , , 
Originator:                   Aseyo, John, , , , , , , , , 
Originator:                   Thiong'o, Kennedy, , , , , , , , , 
Submitter:                    Henne, Stefan, , , , , , , , , 
Submitter:                    Klausen, Joerg, , , , , , , , , 
starttime endtime O3 O3 flag
[from data line 801]
 33.375000  33.416667   65.4  2.6 0.000
 33.416667  33.458333   60.4  2.6 0.000
 33.458333  33.500000   60.7  2.6 0.000
 33.500000  33.541667   66.4  2.6 0.000
 33.541667  33.583333   66.2  2.6 0.000
 33.583333  33.625000   50.2  2.5 0.000
 33.625000  33.666667   48.7  2.5 0.000
 33.666667  33.708333   82.1  2.6 0.000
 33.708333  33.750000   85.7  2.6 0.000
 33.750000  33.791667   84.9  2.6 0.000
 33.791667  33.833333   84.6  2.6 0.000
 33.833333  33.875000   85.3  2.6 0.000
 33.875000  33.916667   84.9  2.6 0.000
 33.916667  33.958333   85.0  2.6 0.000
 33.958333  34.000000   84.5  2.6 0.000
 34.000000  34.041667   84.7  2.6 0.000
 34.041667  34.083333   87.1  2.6 0.000
 34.083333  34.125000   88.0  2.6 0.000
 34.125000  34.166667   86.3  2.6 0.000
 34.166667  34.208333   84.8  2.6 0.000
 34.208333  34.250000   77.0  2.6 0.000
 34.250000  34.291667   59.8  2.6 0.000
 34.291667  34.333333   50.4  2.5 0.000
 34.333333  34.375000   49.8  2.5 0.000
 34.375000  34.416667   50.6  2.5 0.000
 34.416667  34.458333   51.4  2.5 0.000
 34.458333  34.500000   52.8  2.6 0.000
 34.500000  34.541667   50.1  2.5 0.000
 34.541667  34.583333   50.4  2.5 0.000
 34.583333  34.625000   50.5  2.5 0.000
 34.625000  34.666667   49.5  2.5 0.000
 34.666667  34.708333   48.0  2.5 0.000
 34.708333  34.750000   50.2  2.5 0.000
 34.750000  34.791667   57.1  2.6 0.000
 34.791667  34.833333   59.1  2.6 0.000
 34.833333  34.875000   52.8  2.6 0.000
 34.875000  34.916667   55.7  2.6 0.000
 34.916667  34.958333   47.1  2.5 0.000
 34.958333  35.000000   55.8  2.6 0.000
 35.000000  35.041667   66.8  2.6 0.000
 35.041667  35.083333   56.8  2.6 0.000
 35.083333  35.125000   52.8  2.6 0.000
 35.125000  35.166667   46.8  2.5 0.000
 35.166667  35.208333   45.7  2.5 0.000
 35.208333  35.250000   41.3  2.5 0.000
 35.250000  35.291667   39.4  2.5 0.000
 35.291667  35.333333   39.8  2.5 0.000
 35.333333  35.375000   38.4  2.5 0.000
 35.375000  35.416667   38.8  2.5 0.000
 35.416667  35.458333   40.0  2.5 0.000
 35.458333  35.500000   40.4  2.5 0.000
 35.500000  35.541667   41.3  2.5 0.000
 35.541667  35.583333   38.7  2.5 0.000
 35.583333  35.625000   39.7  2.5 0.000
 35.625000  35.666667   36.9  2.5 0.000
 35.666667  35.708333   32.8  2.5 0.000
 35.708333  35.750000   33.2  2.5 0.000
 35.750000  35.791667   42.8  2.5 0.000
 35.791667  35.833333   49.7  2.5 0.000
 35.833333  35.875000   48.5  2.5 0.000
 35.875000  35.916667   47.0  2.5 0.000
 35.916667  35.958333   46.2  2.5 0.000
 35.958333  36.000000   45.9  2.5 0.000
 36.000000  36.041667   50.4  2.5 0.000
 36.041667  36.083333   52.1  2.5 0.000
 36.083333  36.125000   51.1  2.5 0.000
 36.125000  36.166667   51.4  2.5 0.000
 36.166667  36.208333   50.1  2.5 0.000
 36.208333  36.250000   48.2  2.5 0.000
 36.250000  36.291667   48.9  2.5 0.000
 36.291667  36.333333   47.9  2.5 0.000
 36.333333  36.375000   45.9  2.5 0.000
 36.375000  36.416667   44.6  2.5 0.000
 36.416667  36.458333   42.8  2.5 0.000
 36.458333  36.500000   43.3  2.5 0.000
 36.500000  36.541667   42.6  2.5 0.000
 36.541667  36.583333   40.5  2.5 0.000
 36.583333  36.625000   40.0  2.5 0.000
 36.625000  36.666667   37.3  2.5 0.000
 36.666667  36.708333   39.8  2.5 0.000
 36.708333  36.750000   41.4  2.5 0.000
 36.750000  36.791667   46.5  2.5 0.000
 36.791667  36.833333   51.7  2.5 0.000
 36.833333  36.875000   51.0  2.5 0.000
 36.875000  36.916667   51.8  2.5 0.000
 36.916667  36.958333   53.2  2.6 0.000
 36.958333  37.000000   53.2  2.6 0.000
 37.000000  37.041667   57.5  2.6 0.000
 37.041667  37.083333   59.8  2.6 0.000
 37.083333  37.125000   56.9  2.6 0.000
 37.125000  37.166667   55.1  2.6 0.000
 37.166667  37.208333   52.8  2.6 0.000
 37.208333  37.250000   51.9  2.5 0.000
 37.250000  37.291667   41.2  2.5 0.000
 37.291667  37.333333   36.6  2.5 0.000
 37.333333  37.375000   37.8  2.5 0.000
 37.375000  37.416667   37.7  2.5 0.000
 37.416667  37.458333   36.7  2.5 0.000
 37.458333  37.500000   35.9  2.5 0.000
 37.500000  37.541667   36.2  2.5 0.000
 37.541667  37.583333   34.8  2.5 0.000
 37.583333  37.625000   32.8  2.5 0.000
 37.625000  37.666667   31.3  2.5 0.000
 37.666667  37.708333   30.0  2.5 0.000
 37.708333  37.750000   30.4  2.5 0.000
 37.750000  37.791667   30.2  2.5 0.000
 37.791667  37.833333   31.3  2.5 0.000
 37.833333  37.875000   30.9  2.5 0.000
 37.875000  37.916667   36.2  2.5 0.000
 37.916667  37.958333   41.7  2.5 0.000
 37.958333  38.000000   49.2  2.5 0.000
 38.000000  38.041667   49.5  2.5 0.000
 38.041667  38.083333   50.8  2.5 0.000
 38.083333  38.125000   45.7  2.5 0.000
 38.125000  38.166667   46.7  2.5 0.000
 38.166667  38.208333   46.4  2.5 0.000
 38.208333  38.250000   52.0  2.5 0.000
 38.250000  38.291667   49.9  2.5 0.000
 38.291667  38.333333   37.3  2.5 0.000
 38.333333  38.375000   36.1  2.5 0.000
 38.375000  38.416667   37.1  2.5 0.000
 38.416667  38.458333   37.9  2.5 0.000
 38.458333  38.500000   36.8  2.5 0.000
 38.500000  38.541667   35.5  2.5 0.000
 38.541667  38.583333   38.4  2.5 0.000
 38.583333  38.625000   43.8  2.5 0.000
 38.625000  38.666667   48.3  2.5 0.000
 38.666667  38.708333   52.4  2.6 0.000
 38.708333  38.750000   47.8  2.5 0.000
 38.750000  38.791667   53.1  2.6 0.000
 38.791667  38.833333   61.7  2.6 0.000
 38.833333  38.875000   57.1  2.6 0.000
 38.875000  38.916667   55.5  2.6 0.000
 38.916667  38.958333   54.4  2.6 0.000
 38.958333  39.000000   60.6  2.6 0.000
 39.000000  39.041667   63.3  2.6 0.000
 39.041667  39.083333   64.4  2.6 0.000
 39.083333  39.125000   65.5  2.6 0.000
 39.125000  39.166667   63.2  2.6 0.000
 39.166667  39.208333   60.0  2.6 0.000
 39.208333  39.250000   64.3  2.6 0.000
 39.250000  39.291667   68.0  2.6 0.000
 39.291667  39.333333   57.8  2.6 0.000
 39.333333  39.375000   53.2  2.6 0.000
 39.375000  39.416667   42.6  2.5 0.000
 39.416667  39.458333   37.4  2.5 0.000
 39.458333  39.500000   37.1  2.5 0.000
 39.500000  39.541667   37.2  2.5 0.000
 39.541667  39.583333   37.8  2.5 0.000
 39.583333  39.625000   38.8  2.5 0.000
 39.625000  39.666667   51.8  2.5 0.000
 39.666667  39.708333   59.9  2.6 0.000
 39.708333  39.750000   62.3  2.6 0.000
 39.750000  39.791667   61.5  2.6 0.000
 39.791667  39.833333   54.4  2.6 0.000
 39.833333  39.875000   40.4  2.5 0.000
 39.875000  39.916667   46.9  2.5 0.000
 39.916667  39.958333   49.2  2.5 0.000
 39.958333  40.000000   46.3  2.5 0.000
 40.000000  40.041667   44.3  2.5 0.000
 40.041667  40.083333   45.4  2.5 0.000
 40.083333  40.125000   42.1  2.5 0.000
 40.125000  40.166667   40.4  2.5 0.000
 40.166667  40.208333   39.8  2.5 0.000
 40.208333  40.250000   37.4  2.5 0.000
 40.250000  40.291667   37.8  2.5 0.000
 40.291667  40.333333   42.8  2.5 0.000
 40.333333  40.375000   37.6  2.5 0.000
 40.375000  40.416667   33.7  2.5 0.000
 40.416667  40.458333   35.2  2.5 0.000
 40.458333  40.500000   38.0  2.5 0.000
 40.500000  40.541667   43.4  2.5 0.000
 40.541667  40.583333   42.9  2.5 0.000
 40.583333  40.625000   34.3  2.5 0.000
 40.625000  40.666667   31.2  2.5 0.000
 40.666667  40.708333   38.3  2.5 0.000
 40.708333  40.750000   38.9  2.5 0.000
 40.750000  40.791667   37.7  2.5 0.000
 40.791667  40.833333   42.9  2.5 0.000
 40.833333  40.875000   53.3  2.6 0.000
 40.875000  40.916667   49.0  2.5 0.000
 40.916667  40.958333   50.6  2.5 0.000
 40.958333  41.000000   50.0  2.5 0.000
 41.000000  41.041667   47.6  2.5 0.000
 41.041667  41.083333   43.6  2.5 0.000
 41.083333  41.125000   44.0  2.5 0.000
 41.125000  41.166667   42.8  2.5 0.000
 41.166667  41.208333   39.3  2.5 0.000
 41.208333  41.250000   37.1  2.5 0.000
 41.250000  41.291667   34.3  2.5 0.000
 41.291667  41.333333   33.4  2.5 0.000
 41.333333  41.375000   36.1  2.5 0.000
 41.375000  41.416667   35.8  2.5 0.000
 41.416667  41.458333   34.0  2.5 0.000
 41.458333  41.500000   32.8  2.5 0.000
 41.500000  41.541667   33.0  2.5 0.000
 41.541667  41.583333   32.9  2.5 0.000
 41.583333  41.625000   33.2  2.5 0.000
 41.625000  41.666667   31.4  2.5 0.000
 41.666667  41.708333   31.6  2.5 0.000
 41.708333  41.750000   36.6  2.5 0.000
 41.750000  41.791667   39.1  2.5 0.000
 41.791667  41.833333   38.9  2.5 0.000
 41.833333  41.875000   41.1  2.5 0.000
 41.875000  41.916667   38.5  2.5 0.000
 41.916667  41.958333   38.4  2.5 0.000
 41.958333  42.000000   39.7  2.5 0.000
 42.000000  42.041667   37.5  2.5 0.000
 42.041667  42.083333   48.2  2.5 0.000
 42.083333  42.125000   49.8  2.5 0.000
 42.125000  42.166667   43.8  2.5 0.000
 42.166667  42.208333   50.4  2.7 0.000
 42.208333  42.250000 9999.9 99.9 0.999
 42.250000  42.291667 9999.9 99.9 0.999
 42.291667  42.333333 9999.9 99.9 0.999
 42.333333  42.375000 9999.9 99.9 0.999
 42.375000  42.416667 9999.9 99.9 0.999
 42.416667  42.458333 9999.9 99.9 0.999
 42.458333  42.500000 9999.9 99.9 0.999
 42.500000  42.541667 9999.9 99.9 0.999
 42.541667  42.583333 9999.9 99.9 0.999
 42.583333  42.625000 9999.9 99.9 0.999
 42.625000  42.666667 9999.9 99.9 0.999
 42.666667  42.708333 9999.9 99.9 0.999
 42.708333  42.750000 9999.9 99.9 0.999
 42.750000  42.791667 9999.9 99.9 0.999
 42.791667  42.833333 9999.9 99.9 0.999
 42.833333  42.875000 9999.9 99.9 0.999
 42.875000  42.916667 9999.9 99.9 0.999
 42.916667  42.958333 9999.9 99.9 0.999
 42.958333  43.000000 9999.9 99.9 0.999
 43.000000  43.041667 9999.9 99.9 0.999
 43.041667  43.083333 9999.9 99.9 0.999
 43.083333  43.125000 9999.9 99.9 0.999
 43.125000  43.166667 9999.9 99.9 0.999
 43.166667  43.208333 9999.9 99.9 0.999
 43.208333  43.250000 9999.9 99.9 0.999
 43.250000  43.291667 9999.9 99.9 0.999
 43.291667  43.333333 9999.9 99.9 0.999
 43.333333  43.375000 9999.9 99.9 0.999
 43.375000  43.416667 9999.9 99.9 0.999
 43.416667  43.458333 9999.9 99.9 0.999
 43.458333  43.500000 9999.9 99.9 0.999
 43.500000  43.541667 9999.9 99.9 0.999
 43.541667  43.583333 9999.9 99.9 0.999
 43.583333  43.625000 9999.9 99.9 0.999
 43.625000  43.666667 9999.9 99.9 0.999
 43.666667  43.708333 9999.9 99.9 0.999
 43.708333  43.750000 9999.9 99.9 0.999
 43.750000  43.791667 9999.9 99.9 0.999
 43.791667  43.833333 9999.9 99.9 0.999
 43.833333  43.875000 9999.9 99.9 0.999
 43.875000  43.916667 9999.9 99.9 0.999
 43.916667  43.958333 9999.9 99.9 0.999
 43.958333  44.000000 9999.9 99.9 0.999
 44.000000  44.041667 9999.9 99.9 0.999
 44.041667  44.083333 9999.9 99.9 0.999
 44.083333  44.125000 9999.9 99.9 0.999
 44.125000  44.166667 9999.9 99.9 0.999
 44.166667  44.208333 9999.9 99.9 0.999
 44.208333  44.250000 9999.9 99.9 0.999
 44.250000  44.291667 9999.9 99.9 0.999
 44.291667  44.333333 9999.9 99.9 0.999
 44.333333  44.375000 9999.9 99.9 0.999
 44.375000  44.416667 9999.9 99.9 0.999
 44.416667  44.458333 9999.9 99.9 0.999
 44.458333  44.500000 9999.9 99.9 0.999
 44.500000  44.541667 9999.9 99.9 0.999
 44.541667  44.583333 9999.9 99.9 0.999
 44.583333  44.625000 9999.9 99.9 0.999
 44.625000  44.666667 9999.9 99.9 0.999
 44.666667  44.708333 9999.9 99.9 0.999
 44.708333  44.750000 9999.9 99.9 0.999
 44.750000  44.791667 9999.9 99.9 0.999
 44.791667  44.833333 9999.9 99.9 0.999
 44.833333  44.875000 9999.9 99.9 0.999
 44.875000  44.916667 9999.9 99.9 0.999
 44.916667  44.958333 9999.9 99.9 0.999
 44.958333  45.000000 9999.9 99.9 0.999
 45.000000  45.041667 9999.9 99.9 0.999
 45.041667  45.083333 9999.9 99.9 0.999
 45.083333  45.125000 9999.9 99.9 0.999
 45.125000  45.166667 9999.9 99.9 0.999
 45.166667  45.208333 9999.9 99.9 0.999
 45.208333  45.250000 9999.9 99.9 0.999
 45.250000  45.291667 9999.9 99.9 0.999
 45.291667  45.333333 9999.9 99.9 0.999
 45.333333  45.375000 9999.9 99.9 0.999
 45.375000  45.416667   63.3  2.6 0.000
 45.416667  45.458333   59.8  2.6 0.000
 45.458333  45.500000   56.4  2.6 0.000
 45.500000  45.541667   57.1  2.6 0.000
 45.541667  45.583333   54.9  2.6 0.000
 45.583333  45.625000   49.0  2.5 0.000
 45.625000  45.666667   49.7  2.5 0.000
 45.666667  45.708333   50.2  2.5 0.000
 45.708333  45.750000   59.4  2.6 0.000
 45.750000  45.791667   82.1  2.6 0.000
 45.791667  45.833333   93.9  2.7 0.000
 45.833333  45.875000   94.6  2.7 0.000
 45.875000  45.916667   81.5  2.6 0.000
 45.916667  45.958333   75.5  2.6 0.000
 45.958333  46.000000   70.1  2.6 0.000
 46.000000  46.041667   65.7  2.6 0.000
 46.041667  46.083333   80.5  2.6 0.000
 46.083333  46.125000   83.6  2.6 0.000
 46.125000  46.166667   82.1  2.6 0.000
 46.166667  46.208333   76.8  2.6 0.000
 46.208333  46.250000   67.9  2.6 0.000
 46.250000  46.291667   66.4  2.6 0.000
 46.291667  46.333333   65.6  2.6 0.000
 46.333333  46.375000   65.2  2.6 0.000
 46.375000  46.416667   65.7  2.6 0.000
 46.416667  46.458333   64.4  2.6 0.000
 46.458333  46.500000   64.0  2.6 0.000
 46.500000  46.541667   58.4  2.6 0.000
 46.541667  46.583333   58.4  2.6 0.000
 46.583333  46.625000   52.4  2.5 0.000
 46.625000  46.666667   47.2  2.5 0.000
 46.666667  46.708333   45.1  2.5 0.000
 46.708333  46.750000   49.7  2.5 0.000
 46.750000  46.791667   53.6  2.6 0.000
 46.791667  46.833333   55.8  2.6 0.000
 46.833333  46.875000   59.7  2.6 0.000
 46.875000  46.916667   60.7  2.6 0.000
 46.916667  46.958333   65.9  2.6 0.000
 46.958333  47.000000   70.4  2.6 0.000
 47.000000  47.041667   72.4  2.6 0.000
 47.041667  47.083333   80.5  2.6 0.000
 47.083333  47.125000   72.6  2.6 0.000
 47.125000  47.166667   61.6  2.6 0.000
 47.166667  47.208333   64.3  2.6 0.000
 47.208333  47.250000   69.7  2.6 0.000
 47.250000  47.291667   64.8  2.6 0.000
 47.291667  47.333333   62.2  2.6 0.000
 47.333333  47.375000   63.0  2.6 0.000
 47.375000  47.416667   57.4  2.6 0.000
 47.416667  47.458333   54.1  2.6 0.000
 47.458333  47.500000   48.5  2.5 0.000
 47.500000  47.541667   46.4  2.5 0.000
 47.541667  47.583333   44.5  2.5 0.000
 47.583333  47.625000   44.4  2.5 0.000
 47.625000  47.666667   40.8  2.5 0.000
 47.666667  47.708333   38.4  2.5 0.000
 47.708333  47.750000   31.5  2.5 0.000
 47.750000  47.791667   29.7  2.5 0.000
 47.791667  47.833333   26.8  2.5 0.000
 47.833333  47.875000   28.2  2.5 0.000
 47.875000  47.916667   27.4  2.5 0.000
 47.916667  47.958333   25.3  2.5 0.000
 47.958333  48.000000   23.7  2.5 0.000
 48.000000  48.041667   23.1  2.5 0.000
 48.041667  48.083333   21.4  2.5 0.000
 48.083333  48.125000   24.5  2.5 0.000
 48.125000  48.166667   28.4  2.5 0.000
 48.166667  48.208333   34.0  2.5 0.000
 48.208333  48.250000   29.2  2.5 0.000
 48.250000  48.291667   26.8  2.5 0.000
 48.291667  48.333333   24.3  2.5 0.000
 48.333333  48.375000   34.4  2.5 0.000
 48.375000  48.416667   35.7  2.5 0.000
 48.416667  48.458333   32.0  2.5 0.000
 48.458333  48.500000   30.1  2.5 0.000
 48.500000  48.541667   28.8  2.5 0.000
 48.541667  48.583333   28.2  2.5 0.000
 48.583333  48.625000   21.4  2.5 0.000
 48.625000  48.666667   15.4  2.5 0.000
 48.666667  48.708333   12.6  2.5 0.000
 48.708333  48.750000   11.6  2.5 0.000
 48.750000  48.791667   10.4  2.5 0.000
 48.791667  48.833333   10.1  2.5 0.000
 48.833333  48.875000   10.7  2.5 0.000
 48.875000  48.916667   12.0  2.5 0.000
 48.916667  48.958333   19.2  2.5 0.000
 48.958333  49.000000   26.1  2.5 0.000
 49.000000  49.041667   25.9  2.5 0.000
 49.041667  49.083333   15.7  2.5 0.000
 49.083333  49.125000   20.1  2.5 0.000
 49.125000  49.166667   15.0  2.5 0.000
 49.166667  49.208333   20.3  2.5 0.000
 49.208333  49.250000   17.4  2.5 0.000
 49.250000  49.291667   14.5  2.5 0.000
 49.291667  49.333333   13.9  2.5 0.000
 49.333333  49.375000   15.2  2.5 0.000
 49.375000  49.416667   18.8  2.5 0.000
 49.416667  49.458333   14.6  2.5 0.000
 49.458333  49.500000   15.3  2.5 0.000
 49.500000  49.541667   13.9  2.5 0.000
 49.541667  49.583333   14.2  2.5 0.000
 49.583333  49.625000   15.4  2.5 0.000
 49.625000  49.666667   16.7  2.5 0.000
 49.666667  49.708333   13.5  2.5 0.000
 49.708333  49.750000   13.6  2.5 0.000
 49.750000  49.791667   12.2  2.5 0.000
 49.791667  49.833333   11.3  2.5 0.000
 49.833333  49.875000   10.7  2.5 0.000
 49.875000  49.916667    9.8  2.5 0.000
 49.916667  49.958333   10.7  2.5 0.000
 49.958333  50.000000   10.3  2.5 0.000
