data/ebas/o3_legacy/KE0001G.20020531230000.20100322000000.uv_abs.ozone.air.7mo.1h.CH01L_uv_abs_MKN.CH01L_uv_abs..nas
57 1001
Henne, Stefan; Aseyo, John; Thiong'o, Kennedy
CH01L, Swiss Federal Laboratories for Materials Science and Technology, EMPA, Section Air Pollution, Überlandstrasse 133, , 8600, Dübendorf, Switzerland
Henne, Stefan; Klausen, Joerg
GAW-WDCRG sel_HTAP
1 1
2002 01 01 2010 03 22
0.041667
days from file reference point
4
1 1 1 1
999.999999 9999.9 999.9 9.999
end_time of measurement, days from the file reference point
ozone, ug/m3, Statistics=arithmetic mean
ozone, ug/m3, Statistics=stddev
numflag, no unit
0
39
Data definition:              EBAS_1.1
Set type code:                TU
Timezone:                     UTC
File name:                    KE0001G.20020531230000.20100322000000.uv_abs.ozone.air.7mo.1h.CH01L_uv_abs_MKN.CH01L_uv_abs..nas
File creation:                20220610064449866000
Export state:                 20220610064431313000
Export filter:                exclude-900,exclude-invalid
Startdate:                    20020531230000
Revision date:                20100322000000
Data level:                   
Period code:                  7mo
Resolution code:              1h
Station code:                 KE0001G
Platform code:                KE0001S
Station name:                 Mt. Kenya
Station WDCA-ID:              GAWAKE__MKN
Station GAW-ID:               MKN
Station GAW-Name:             Mt. Kenya
Station land use:             Grassland
Station setting:              Mountain
Station GAW type:             G
Station WMO region:           1
Station latitude:             -0.0622
Station longitude:            37.2972
Station altitude:             3678.0 m
Regime:                       IMG
Component:                    ozone
Unit:                         ug/m3
Matrix:                       air
Laboratory code:              CH01L
Instrument type:              uv_abs
Instrument name:              uv_abs_MKN
Method ref:                   CH01L_uv_abs
Originator:                   Henne, Stefan, , , , , , , , , 
Originator:                   Aseyo, John, , , , , , , , , 
Originator:                   Thiong'o, Kennedy, , , , , , , , , 
Submitter:                    Henne, Stefan, , , , , , , , , 
Submitter:                    Klausen, Joerg, , , , , , , , , 
starttime endtime O3 O3 flag
[from data line 3903]
313.583333 313.625000 9999.9 999.9 0.999
313.625000 313.666667 9999.9 999.9 0.999
313.666667 313.708333 9999.9 999.9 0.999
313.708333 313.750000 9999.9 999.9 0.999
313.750000 313.791667 9999.9 999.9 0.999
313.791667 313.833333 9999.9 999.9 0.999
313.833333 313.875000 9999.9 999.9 0.999
313.875000 313.916667 9999.9 999.9 0.999
313.916667 313.958333 9999.9 999.9 0.999
313.958333 314.000000 9999.9 999.9 0.999
314.000000 314.041667 9999.9 999.9 0.999
314.041667 314.083333 9999.9 999.9 0.999
314.083333 314.125000 9999.9 999.9 0.999
314.125000 314.166667 9999.9 999.9 0.999
314.166667 314.208333 9999.9 999.9 0.999
314.208333 314.250000 9999.9 999.9 0.999
314.250000 314.291667 9999.9 999.9 0.999
314.291667 314.333333 9999.9 999.9 0.999
314.333333 314.375000 9999.9 999.9 0.999
314.375000 314.416667 9999.9 999.9 0.999
314.416667 314.458333 9999.9 999.9 0.999
314.458333 314.500000 9999.9 999.9 0.999
314.500000 314.541667 9999.9 999.9 0.999
314.541667 314.583333 9999.9 999.9 0.999
314.583333 314.625000 9999.9 999.9 0.999
314.625000 314.666667 9999.9 999.9 0.999
314.666667 314.708333 9999.9 999.9 0.999
314.708333 314.750000 9999.9 999.9 0.999
314.750000 314.791667 9999.9 999.9 0.999
314.791667 314.833333 9999.9 999.9 0.999
314.833333 314.875000 9999.9 999.9 0.999
314.875000 314.916667 9999.9 999.9 0.999
314.916667 314.958333 9999.9 999.9 0.999
314.958333 315.000000 9999.9 999.9 0.999
315.000000 315.041667 9999.9 999.9 0.999
315.041667 315.083333 9999.9 999.9 0.999
315.083333 315.125000 9999.9 999.9 0.999
315.125000 315.166667 9999.9 999.9 0.999
315.166667 315.208333 9999.9 999.9 0.999
315.208333 315.250000 9999.9 999.9 0.999
315.250000 315.291667 9999.9 999.9 0.999
315.291667 315.333333 9999.9 999.9 0.999
315.333333 315.375000 9999.9 999.9 0.999
315.375000 315.416667 9999.9 999.9 0.999
315.416667 315.458333 9999.9 999.9 0.999
315.458333 315.500000 9999.9 999.9 0.999
315.500000 315.541667 9999.9 999.9 0.999
315.541667 315.583333 9999.9 999.9 0.999
315.583333 315.625000 9999.9 999.9 0.999
315.625000 315.666667 9999.9 999.9 0.999
315.666667 315.708333 9999.9 999.9 0.999
315.708333 315.750000 9999.9 999.9 0.999
315.750000 315.791667 9999.9 999.9 0.999
315.791667 315.833333 9999.9 999.9 0.999
315.833333 315.875000 9999.9 999.9 0.999
315.875000 315.916667 9999.9 999.9 0.999
315.916667 315.958333 9999.9 999.9 0.999
315.958333 316.000000 9999.9 999.9 0.999
316.000000 316.041667 9999.9 999.9 0.999
316.041667 316.083333 9999.9 999.9 0.999
316.083333 316.125000 9999.9 999.9 0.999
316.125000 316.166667 9999.9 999.9 0.999
316.166667 316.208333 9999.9 999.9 0.999
316.208333 316.250000 9999.9 999.9 0.999
316.250000 316.291667 9999.9 999.9 0.999
316.291667 316.333333 9999.9 999.9 0.999
316.333333 316.375000 9999.9 999.9 0.999
316.375000 316.416667 9999.9 999.9 0.999
316.416667 316.458333 9999.9 999.9 0.999
316.458333 316.500000 9999.9 999.9 0.999
316.500000 316.541667 9999.9 999.9 0.999
316.541667 316.583333 9999.9 999.9 0.999
316.583333 316.625000 9999.9 999.9 0.999
316.625000 316.666667 9999.9 999.9 0.999
316.666667 316.708333 9999.9 999.9 0.999
316.708333 316.750000 9999.9 999.9 0.999
316.750000 316.791667 9999.9 999.9 0.999
316.791667 316.833333 9999.9 999.9 0.999
316.833333 316.875000 9999.9 999.9 0.999
316.875000 316.916667 9999.9 999.9 0.999
316.916667 316.958333 9999.9 999.9 0.999
316.958333 317.000000 9999.9 999.9 0.999
317.000000 317.041667 9999.9 999.9 0.999
317.041667 317.083333 9999.9 999.9 0.999
317.083333 317.125000 9999.9 999.9 0.999
317.125000 317.166667 9999.9 999.9 0.999
317.166667 317.208333 9999.9 999.9 0.999
317.208333 317.250000 9999.9 999.9 0.999
317.250000 317.291667 9999.9 999.9 0.999
317.291667 317.333333 9999.9 999.9 0.999
317.333333 317.375000 9999.9 999.9 0.999
317.375000 317.416667 9999.9 999.9 0.999
317.416667 317.458333   48.7   3.1 0.000
317.458333 317.500000   46.0   2.7 0.000
317.500000 317.541667   50.8   2.7 0.000
317.541667 317.583333   50.6   2.7 0.000
317.583333 317.625000   47.6   2.7 0.000
317.625000 317.666667   46.1   2.8 0.000
317.666667 317.708333   46.8   3.1 0.000
317.708333 317.750000 9999.9 999.9 0.999
317.750000 317.791667 9999.9 999.9 0.999
317.791667 317.833333 9999.9 999.9 0.999
317.833333 317.875000 9999.9 999.9 0.999
317.875000 317.916667 9999.9 999.9 0.999
317.916667 317.958333 9999.9 999.9 0.999
317.958333 318.000000 9999.9 999.9 0.999
318.000000 318.041667 9999.9 999.9 0.999
318.041667 318.083333 9999.9 999.9 0.999
318.083333 318.125000 9999.9 999.9 0.999
318.125000 318.166667 9999.9 999.9 0.999
318.166667 318.208333 9999.9 999.9 0.999
318.208333 318.250000 9999.9 999.9 0.999
318.250000 318.291667 9999.9 999.9 0.999
318.291667 318.333333 9999.9 999.9 0.999
318.333333 318.375000 9999.9 999.9 0.999
318.375000 318.416667 9999.9 999.9 0.999
318.416667 318.458333 9999.9 999.9 0.999
318.458333 318.500000 9999.9 999.9 0.999
318.500000 318.541667 9999.9 999.9 0.999
318.541667 318.583333 9999.9 999.9 0.999
318.583333 318.625000 9999.9 999.9 0.999
318.625000 318.666667 9999.9 999.9 0.999
318.666667 318.708333 9999.9 999.9 0.999
318.708333 318.750000 9999.9 999.9 0.999
318.750000 318.791667 9999.9 999.9 0.999
318.791667 318.833333 9999.9 999.9 0.999
318.833333 318.875000 9999.9 999.9 0.999
318.875000 318.916667 9999.9 999.9 0.999
318.916667 318.958333 9999.9 999.9 0.999
318.958333 319.000000 9999.9 999.9 0.999
319.000000 319.041667 9999.9 999.9 0.999
319.041667 319.083333 9999.9 999.9 0.999
319.083333 319.125000 9999.9 999.9 0.999
319.125000 319.166667 9999.9 999.9 0.999
319.166667 319.208333 9999.9 999.9 0.999
319.208333 319.250000 9999.9 999.9 0.999
319.250000 319.291667 9999.9 999.9 0.999
319.291667 319.333333 9999.9 999.9 0.999
319.333333 319.375000 9999.9 999.9 0.999
319.375000 319.416667 9999.9 999.9 0.999
319.416667 319.458333 9999.9 999.9 0.999
319.458333 319.500000 9999.9 999.9 0.999
319.500000 319.541667   61.2   2.8 0.000
319.541667 319.583333   60.3   2.8 0.000
319.583333 319.625000   56.2   2.8 0.000
319.625000 319.666667   47.1   2.8 0.000
319.666667 319.708333   51.2   2.8 0.000
319.708333 319.750000   53.0   2.8 0.000
319.750000 319.791667   52.6   2.7 0.000
319.791667 319.833333   53.3   2.8 0.000
319.833333 319.875000   53.5   2.8 0.000
319.875000 319.916667   52.7   2.7 0.000
319.916667 319.958333   58.8   2.8 0.000
319.958333 320.000000   64.6   2.8 0.000
320.000000 320.041667   64.6   2.8 0.000
320.041667 320.083333   67.9   2.8 0.000
320.083333 320.125000   65.6   2.8 0.000
320.125000 320.166667   59.0   2.8 0.000
320.166667 320.208333   56.1   2.8 0.000
320.208333 320.250000   60.7   2.8 0.000
320.250000 320.291667   62.8   2.8 0.000
320.291667 320.333333   60.6   2.8 0.000
320.333333 320.375000   68.3   2.8 0.000
320.375000 320.416667   66.2   2.8 0.000
320.416667 320.458333   66.2   2.8 0.000
320.458333 320.500000   60.4   2.8 0.000
320.500000 320.541667   60.2   2.8 0.000
320.541667 320.583333   60.4   2.8 0.000
320.583333 320.625000   58.7   2.7 0.000
320.625000 320.666667   55.8   2.7 0.000
320.666667 320.708333   54.4   2.8 0.000
320.708333 320.750000   57.0   2.8 0.000
320.750000 320.791667   60.7   2.8 0.000
320.791667 320.833333   61.6   2.8 0.000
320.833333 320.875000   58.7   2.8 0.000
320.875000 320.916667   57.0   2.8 0.000
320.916667 320.958333   52.4   2.7 0.000
320.958333 321.000000   56.6   2.8 0.000
321.000000 321.041667   58.7   2.8 0.000
321.041667 321.083333   62.0   2.8 0.000
321.083333 321.125000   60.6   2.8 0.000
321.125000 321.166667   65.0   2.8 0.000
321.166667 321.208333   68.3   2.8 0.000
321.208333 321.250000   74.2   2.8 0.000
321.250000 321.291667   76.5   2.9 0.000
321.291667 321.333333   71.8   2.8 0.000
321.333333 321.375000   65.5   2.8 0.000
321.375000 321.416667   68.6   2.9 0.000
321.416667 321.458333   70.9   2.8 0.000
321.458333 321.500000   68.6   2.8 0.000
321.500000 321.541667   66.0   2.8 0.000
321.541667 321.583333   60.4   2.8 0.000
321.583333 321.625000   60.1   2.8 0.000
321.625000 321.666667   57.5   2.8 0.000
321.666667 321.708333   54.0   2.8 0.000
321.708333 321.750000   57.3   2.8 0.000
321.750000 321.791667   52.6   2.8 0.000
321.791667 321.833333   51.1   2.8 0.000
321.833333 321.875000   45.6   2.7 0.000
321.875000 321.916667   54.2   2.8 0.000
321.916667 321.958333   54.7   2.8 0.000
321.958333 322.000000   60.8   2.8 0.000
322.000000 322.041667   73.5   2.9 0.000
322.041667 322.083333   70.3   2.8 0.000
322.083333 322.125000   58.7   2.8 0.000
322.125000 322.166667   59.3   2.8 0.000
322.166667 322.208333   55.0   2.7 0.000
322.208333 322.250000   54.9   2.7 0.000
322.250000 322.291667   75.8   2.9 0.000
322.291667 322.333333   75.4   2.8 0.000
322.333333 322.375000   77.5   2.8 0.000
322.375000 322.416667   79.3   2.8 0.000
322.416667 322.458333   78.4   2.8 0.000
322.458333 322.500000   72.5   2.9 0.000
322.500000 322.541667   70.8   2.8 0.000
322.541667 322.583333   66.4   2.8 0.000
322.583333 322.625000   60.9   2.8 0.000
322.625000 322.666667   59.7   2.8 0.000
322.666667 322.708333   56.0   2.8 0.000
322.708333 322.750000   50.6   2.7 0.000
322.750000 322.791667   60.4   2.8 0.000
322.791667 322.833333   61.0   2.8 0.000
322.833333 322.875000   58.3   2.7 0.000
322.875000 322.916667   61.2   2.8 0.000
322.916667 322.958333   63.6   2.8 0.000
322.958333 323.000000   62.8   2.8 0.000
323.000000 323.041667   63.6   2.8 0.000
323.041667 323.083333   61.5   2.8 0.000
323.083333 323.125000   62.2   2.8 0.000
323.125000 323.166667   54.5   2.8 0.000
323.166667 323.208333   41.5   2.7 0.000
323.208333 323.250000   55.1   2.7 0.000
323.250000 323.291667   43.8   2.7 0.000
323.291667 323.333333   66.7   2.8 0.000
323.333333 323.375000   71.5   2.8 0.000
323.375000 323.416667   70.8   2.8 0.000
323.416667 323.458333   74.2   2.8 0.000
323.458333 323.500000   71.2   2.8 0.000
323.500000 323.541667   65.8   2.8 0.000
323.541667 323.583333   63.0   2.8 0.000
323.583333 323.625000   58.9   2.8 0.000
323.625000 323.666667   53.4   2.8 0.000
323.666667 323.708333   52.4   2.7 0.000
323.708333 323.750000   52.3   2.7 0.000
323.750000 323.791667   45.4   2.7 0.000
323.791667 323.833333   48.6   2.7 0.000
323.833333 323.875000   48.1   2.8 0.000
323.875000 323.916667   50.3   2.8 0.000
323.916667 323.958333   48.2   2.7 0.000
323.958333 324.000000   47.9   2.7 0.000
324.000000 324.041667   37.8   2.7 0.000
324.041667 324.083333   39.9   2.7 0.000
324.083333 324.125000   40.1   2.7 0.000
324.125000 324.166667   40.0   2.7 0.000
324.166667 324.208333   35.4   2.7 0.000
324.208333 324.250000   38.7   2.7 0.000
324.250000 324.291667   50.2   2.8 0.000
324.291667 324.333333   49.3   2.7 0.000
324.333333 324.375000   47.9   2.7 0.000
324.375000 324.416667   43.7   2.7 0.000
324.416667 324.458333   40.2   2.7 0.000
324.458333 324.500000   41.6   2.7 0.000
324.500000 324.541667   39.7   2.7 0.000
324.541667 324.583333   33.6   2.7 0.000
324.583333 324.625000   45.3   2.7 0.000
324.625000 324.666667   45.1   2.7 0.000
324.666667 324.708333   44.8   2.7 0.000
324.708333 324.750000   45.9   2.7 0.000
324.750000 324.791667   44.6   2.8 0.000
324.791667 324.833333   57.2   2.8 0.000
324.833333 324.875000   49.0   2.8 0.000
324.875000 324.916667   48.8   2.7 0.000
324.916667 324.958333   47.0   2.7 0.000
324.958333 325.000000   45.9   2.7 0.000
325.000000 325.041667   46.7   2.7 0.000
325.041667 325.083333   46.9   2.7 0.000
325.083333 325.125000   44.3   2.7 0.000
325.125000 325.166667   33.5   2.7 0.000
325.166667 325.208333   34.5   2.7 0.000
325.208333 325.250000   37.2   2.7 0.000
325.250000 325.291667   36.6   2.7 0.000
325.291667 325.333333   36.1   2.7 0.000
325.333333 325.375000   37.4   2.7 0.000
325.375000 325.416667   38.9   2.7 0.000
325.416667 325.458333   37.4   2.7 0.000
325.458333 325.500000   44.5   3.0 0.000
325.500000 325.541667   40.1   2.7 0.000
325.541667 325.583333   47.9   2.7 0.000
325.583333 325.625000   49.0   2.7 0.000
325.625000 325.666667   45.9   2.7 0.000
325.666667 325.708333   48.6   2.8 0.000
325.708333 325.750000   50.2   2.7 0.000
325.750000 325.791667   45.7   2.7 0.000
325.791667 325.833333   46.8   2.7 0.000
325.833333 325.875000   33.8   2.7 0.000
325.875000 325.916667   30.2   2.7 0.000
325.916667 325.958333   31.1   2.7 0.000
325.958333 326.000000   50.2   2.7 0.000
326.000000 326.041667   54.9   2.9 0.000
326.041667 326.083333   57.2   2.8 0.000
326.083333 326.125000   60.8   2.9 0.000
326.125000 326.166667   53.5   3.0 0.000
326.166667 326.208333   52.1   2.8 0.000
326.208333 326.250000   47.0   2.8 0.000
326.250000 326.291667   48.0   2.9 0.000
326.291667 326.333333   57.9   2.9 0.000
326.333333 326.375000   55.4   3.3 0.000
326.375000 326.416667   55.2   2.8 0.000
326.416667 326.458333   44.8   2.7 0.000
326.458333 326.500000   41.6   2.7 0.000
326.500000 326.541667   47.5   2.7 0.000
326.541667 326.583333   53.1   2.7 0.000
326.583333 326.625000   53.0   2.7 0.000
326.625000 326.666667   57.2   2.7 0.000
326.666667 326.708333   49.1   2.7 0.000
326.708333 326.750000   45.8   2.7 0.000
326.750000 326.791667   48.9   2.7 0.000
326.791667 326.833333   47.9   2.7 0.000
326.833333 326.875000   43.9   2.8 0.000
326.875000 326.916667   48.9   2.7 0.000
326.916667 326.958333   47.2   2.7 0.000
326.958333 327.000000   45.8   2.8 0.000
327.000000 327.041667   50.5   3.0 0.000
327.041667 327.083333   51.3   3.0 0.000
327.083333 327.125000   59.1   2.8 0.000
327.125000 327.166667   57.7   2.8 0.000
327.166667 327.208333   64.9   3.0 0.000
327.208333 327.250000   73.0   2.8 0.000
327.250000 327.291667   70.7   2.8 0.000
327.291667 327.333333   63.2   2.8 0.000
327.333333 327.375000   54.4   2.7 0.000
327.375000 327.416667   52.8   2.7 0.000
327.416667 327.458333   55.1   2.7 0.000
327.458333 327.500000   54.4   2.8 0.000
327.500000 327.541667   53.1   2.7 0.000
327.541667 327.583333   49.3   2.7 0.000
327.583333 327.625000   43.8   2.7 0.000
327.625000 327.666667   47.1   2.7 0.000
327.666667 327.708333   32.8   2.7 0.000
327.708333 327.750000   30.5   2.7 0.000
327.750000 327.791667   31.5   2.7 0.000
327.791667 327.833333   28.8   2.7 0.000
327.833333 327.875000   24.4   2.7 0.000
327.875000 327.916667   25.5   2.7 0.000
327.916667 327.958333   27.5   2.7 0.000
327.958333 328.000000   27.3   2.7 0.000
328.000000 328.041667   28.2   2.7 0.000
328.041667 328.083333   29.4   2.7 0.000
328.083333 328.125000   29.1   2.7 0.000
328.125000 328.166667   29.1   2.7 0.000
328.166667 328.208333   28.4   2.7 0.000
328.208333 328.250000   30.1   2.7 0.000
328.250000 328.291667   30.7   2.7 0.000
328.291667 328.333333   32.9   2.7 0.000
328.333333 328.375000   35.7   2.7 0.000
328.375000 328.416667   35.9   2.7 0.000
328.416667 328.458333   38.6   2.7 0.000
328.458333 328.500000   39.5   2.7 0.000
328.500000 328.541667   40.0   2.7 0.000
328.541667 328.583333   35.3   2.7 0.000
328.583333 328.625000   33.8   2.7 0.000
328.625000 328.666667   35.9   2.7 0.000
328.666667 328.708333   34.1   2.7 0.000
328.708333 328.750000   32.7   2.7 0.000
328.750000 328.791667   33.1   2.7 0.000
328.791667 328.833333   28.9   2.7 0.000
328.833333 328.875000   31.4   2.7 0.000
328.875000 328.916667   29.9   2.7 0.000
328.916667 328.958333   25.2   2.7 0.000
328.958333 329.000000   24.9   2.7 0.000
329.000000 329.041667   27.4   2.7 0.000
329.041667 329.083333   34.8   2.7 0.000
329.083333 329.125000   40.2   2.9 0.000
329.125000 329.166667   45.0   3.1 0.000
329.166667 329.208333   56.2   2.8 0.000
329.208333 329.250000   65.1   2.8 0.000
329.250000 329.291667   69.3   2.8 0.000
329.291667 329.333333   66.4   2.8 0.000
329.333333 329.375000   65.3   2.8 0.000
329.375000 329.416667   65.7   2.8 0.000
329.416667 329.458333 9999.9 999.9 0.999
329.458333 329.500000 9999.9 999.9 0.999
329.500000 329.541667 9999.9 999.9 0.999
329.541667 329.583333 9999.9 999.9 0.999
329.583333 329.625000 9999.9 999.9 0.999
329.625000 329.666667 9999.9 999.9 0.999
329.666667 329.708333 9999.9 999.9 0.999
329.708333 329.750000 9999.9 999.9 0.999
329.750000 329.791667 9999.9 999.9 0.999
