data/ebas/o3_legacy/KE0001G.20020531230000.20100322000000.uv_abs.ozone.air.7mo.1h.CH01L_uv_abs_MKN.CH01L_uv_abs..nas
57 1001
Henne, Stefan; Aseyo, John; Thiong'o, Kennedy
CH01L, Swiss Federal Laboratories for Materials Science and Technology, EMPA, Section Air Pollution, Überlandstrasse 133, , 8600, Dübendorf, Switzerland
Henne, Stefan; Klausen, Joerg
GAW-WDCRG sel_HTAP
1 1
2002 01 01 2010 03 22
0.041667
days from file reference point
4
1 1 1 1
999.999999 9999.9 999.9 9.999
end_time of measurement, days from the file reference point
ozone, ug/m3, Statistics=arithmetic mean
ozone, ug/m3, Statistics=stddev
numflag, no unit
0
39
Data definition:              EBAS_1.1
Set type code:                TU
Timezone:                     UTC
File name:                    KE0001G.20020531230000.20100322000000.uv_abs.ozone.air.7mo.1h.CH01L_uv_abs_MKN.CH01L_uv_abs..nas
File creation:                20220610064449866000
Export state:                 20220610064431313000
Export filter:                exclude-900,exclude-invalid
Startdate:                    20020531230000
Revision date:                20100322000000
Data level:                   
Period code:                  7mo
Resolution code:              1h
Station code:                 KE0001G
Platform code:                KE0001S
Station name:                 Mt. Kenya
Station WDCA-ID:              GAWAKE__MKN
Station GAW-ID:               MKN
Station GAW-Name:             Mt. Kenya
Station land use:             Grassland
Station setting:              Mountain
Station GAW type:             G
Station WMO region:           1
Station latitude:             -0.0622
Station longitude:            37.2972
Station altitude:             3678.0 m
Regime:                       IMG
Component:                    ozone
Unit:                         ug/m3
Matrix:                       air
Laboratory code:              CH01L
Instrument type:              uv_abs
Instrument name:              uv_abs_MKN
Method ref:                   CH01L_uv_abs
Originator:                   Henne, Stefan, , , , , , , , , 
Originator:                   Aseyo, John, , , , , , , , , 
Originator:                   Thiong'o, Kennedy, , , , , , , , , 
Submitter:                    Henne, Stefan, , , , , , , , , 
Submitter:                    Klausen, Joerg, , , , , , , , , 
starttime endtime O3 O3 flag
[from data line 2732]
264.791667 264.833333   57.3   2.7 0.000
264.833333 264.875000   56.9   2.7 0.000
264.875000 264.916667   53.9   2.7 0.000
264.916667 264.958333   55.3   2.7 0.000
264.958333 265.000000   53.1   2.7 0.000
265.000000 265.041667   55.0   2.7 0.000
265.041667 265.083333   56.4   2.7 0.000
265.083333 265.125000   55.1   2.7 0.000
265.125000 265.166667   63.4   2.7 0.000
265.166667 265.208333   62.7   2.7 0.000
265.208333 265.250000   62.2   2.7 0.000
265.250000 265.291667   57.8   2.7 0.000
265.291667 265.333333   48.1   2.7 0.000
265.333333 265.375000   52.8   2.7 0.000
265.375000 265.416667   56.9   2.7 0.000
265.416667 265.458333   59.7   2.7 0.000
265.458333 265.500000   60.6   2.7 0.000
265.500000 265.541667   59.3   2.9 0.000
265.541667 265.583333   57.4   3.2 0.000
265.583333 265.625000   61.2   2.7 0.000
265.625000 265.666667   59.7   2.7 0.000
265.666667 265.708333   65.0   2.7 0.000
265.708333 265.750000   70.5   2.8 0.000
265.750000 265.791667   69.7   2.7 0.000
265.791667 265.833333   67.2   2.7 0.000
265.833333 265.875000   66.5   2.7 0.000
265.875000 265.916667   68.0   2.7 0.000
265.916667 265.958333   66.2   2.7 0.000
265.958333 266.000000   57.8   2.7 0.000
266.000000 266.041667   56.7   2.7 0.000
266.041667 266.083333   59.0   2.7 0.000
266.083333 266.125000   58.1   2.7 0.000
266.125000 266.166667   56.2   2.7 0.000
266.166667 266.208333   55.4   2.7 0.000
266.208333 266.250000   57.2   2.7 0.000
266.250000 266.291667   57.4   2.7 0.000
266.291667 266.333333   55.6   2.7 0.000
266.333333 266.375000   58.1   2.7 0.000
266.375000 266.416667   55.9   2.7 0.000
266.416667 266.458333   54.8   2.7 0.000
266.458333 266.500000   53.5   2.7 0.000
266.500000 266.541667   53.3   2.7 0.000
266.541667 266.583333   53.6   2.7 0.000
266.583333 266.625000   50.6   2.7 0.000
266.625000 266.666667   50.6   2.7 0.000
266.666667 266.708333   49.5   2.7 0.000
266.708333 266.750000   44.0   2.7 0.000
266.750000 266.791667   47.5   2.7 0.000
266.791667 266.833333   50.6   2.7 0.000
266.833333 266.875000   53.1   2.7 0.000
266.875000 266.916667   55.4   2.7 0.000
266.916667 266.958333   48.7   2.7 0.000
266.958333 267.000000   45.7   2.7 0.000
267.000000 267.041667   43.1   2.7 0.000
267.041667 267.083333   40.0   2.7 0.000
267.083333 267.125000   44.0   2.7 0.000
267.125000 267.166667   49.7   2.7 0.000
267.166667 267.208333   51.6   2.7 0.000
267.208333 267.250000   49.0   2.7 0.000
267.250000 267.291667   48.0   2.7 0.000
267.291667 267.333333   53.1   2.7 0.000
267.333333 267.375000   53.5   2.7 0.000
267.375000 267.416667   50.5   2.7 0.000
267.416667 267.458333   50.1   2.7 0.000
267.458333 267.500000   51.2   2.7 0.000
267.500000 267.541667   50.6   2.7 0.000
267.541667 267.583333   50.7   2.7 0.000
267.583333 267.625000   48.7   2.7 0.000
267.625000 267.666667   48.6   2.8 0.000
267.666667 267.708333   47.1   2.7 0.000
267.708333 267.750000   50.8   2.7 0.000
267.750000 267.791667   50.7   2.7 0.000
267.791667 267.833333   51.1   2.7 0.000
267.833333 267.875000   48.3   2.7 0.000
267.875000 267.916667   47.6   2.7 0.000
267.916667 267.958333   48.1   2.9 0.000
267.958333 268.000000   27.0   2.6 0.000
268.000000 268.041667   25.9   2.6 0.000
268.041667 268.083333   40.3   2.7 0.000
268.083333 268.125000   49.5   2.7 0.000
268.125000 268.166667   50.6   2.7 0.000
268.166667 268.208333   48.2   2.7 0.000
268.208333 268.250000   45.2   2.7 0.000
268.250000 268.291667   51.2   2.7 0.000
268.291667 268.333333   50.7   2.7 0.000
268.333333 268.375000   54.1   2.7 0.000
268.375000 268.416667   55.6   2.7 0.000
268.416667 268.458333   59.1   2.7 0.000
268.458333 268.500000   55.5   2.7 0.000
268.500000 268.541667   50.4   2.7 0.000
268.541667 268.583333   47.7   2.7 0.000
268.583333 268.625000   45.7   2.7 0.000
268.625000 268.666667   48.3   2.7 0.000
268.666667 268.708333   49.4   2.7 0.000
268.708333 268.750000   51.2   2.7 0.000
268.750000 268.791667   46.3   2.7 0.000
268.791667 268.833333   44.6   2.7 0.000
268.833333 268.875000   46.5   2.7 0.000
268.875000 268.916667   45.6   2.7 0.000
268.916667 268.958333   45.3   2.7 0.000
268.958333 269.000000   45.4   2.7 0.000
269.000000 269.041667   41.1   2.7 0.000
269.041667 269.083333   40.3   2.7 0.000
269.083333 269.125000   43.5   2.7 0.000
269.125000 269.166667   46.3   2.7 0.000
269.166667 269.208333   43.8   2.7 0.000
269.208333 269.250000   41.4   2.7 0.000
269.250000 269.291667   42.2   2.7 0.000
269.291667 269.333333   49.7   2.7 0.000
269.333333 269.375000   56.9   2.7 0.000
269.375000 269.416667   56.4   2.7 0.000
269.416667 269.458333   56.6   2.7 0.000
269.458333 269.500000   58.5   2.7 0.000
269.500000 269.541667   58.8   2.7 0.000
269.541667 269.583333   59.6   2.7 0.000
269.583333 269.625000   59.6   2.7 0.000
269.625000 269.666667   57.9   2.7 0.000
269.666667 269.708333   57.5   2.7 0.000
269.708333 269.750000   59.9   2.7 0.000
269.750000 269.791667   62.8   2.7 0.000
269.791667 269.833333   63.0   2.7 0.000
269.833333 269.875000   58.4   2.7 0.000
269.875000 269.916667   51.6   2.7 0.000
269.916667 269.958333   54.0   2.7 0.000
269.958333 270.000000   62.6   2.7 0.000
270.000000 270.041667   61.8   2.7 0.000
270.041667 270.083333   60.0   2.7 0.000
270.083333 270.125000   58.7   2.7 0.000
270.125000 270.166667   46.0   2.7 0.000
270.166667 270.208333   49.9   2.9 0.000
270.208333 270.250000   56.4   2.7 0.000
270.250000 270.291667   53.6   2.7 0.000
270.291667 270.333333   59.4   2.7 0.000
270.333333 270.375000   63.5   2.7 0.000
270.375000 270.416667   63.0   2.7 0.000
270.416667 270.458333   60.4   2.7 0.000
270.458333 270.500000   59.6   2.7 0.000
270.500000 270.541667   64.5   2.7 0.000
270.541667 270.583333   65.8   2.8 0.000
270.583333 270.625000   65.0   2.7 0.000
270.625000 270.666667   59.2   2.8 0.000
270.666667 270.708333   55.1   2.7 0.000
270.708333 270.750000   58.7   2.7 0.000
270.750000 270.791667   62.0   2.7 0.000
270.791667 270.833333   64.7   2.8 0.000
270.833333 270.875000   65.8   2.7 0.000
270.875000 270.916667   62.5   2.7 0.000
270.916667 270.958333   66.6   2.7 0.000
270.958333 271.000000   60.6   2.7 0.000
271.000000 271.041667   57.8   2.7 0.000
271.041667 271.083333   44.2   2.7 0.000
271.083333 271.125000   44.4   2.7 0.000
271.125000 271.166667   44.1   2.7 0.000
271.166667 271.208333   62.8   2.7 0.000
271.208333 271.250000   65.3   2.7 0.000
271.250000 271.291667   64.0   2.7 0.000
271.291667 271.333333   64.4   2.7 0.000
271.333333 271.375000   64.4   2.7 0.000
271.375000 271.416667   65.0   2.7 0.000
271.416667 271.458333   65.2   2.7 0.000
271.458333 271.500000   61.9   2.7 0.000
271.500000 271.541667   59.1   2.7 0.000
271.541667 271.583333   58.6   2.7 0.000
271.583333 271.625000   58.1   2.7 0.000
271.625000 271.666667   53.6   2.7 0.000
271.666667 271.708333   56.5   2.7 0.000
271.708333 271.750000   57.4   2.7 0.000
271.750000 271.791667   54.9   2.7 0.000
271.791667 271.833333   51.7   2.7 0.000
271.833333 271.875000   47.9   2.7 0.000
271.875000 271.916667   52.9   2.7 0.000
271.916667 271.958333   58.0   2.8 0.000
271.958333 272.000000   70.0   2.8 0.000
272.000000 272.041667   63.3   2.8 0.000
272.041667 272.083333   60.5   2.8 0.000
272.083333 272.125000   55.2   2.7 0.000
272.125000 272.166667   51.5   2.7 0.000
272.166667 272.208333   60.3   2.7 0.000
272.208333 272.250000   68.3   2.7 0.000
272.250000 272.291667   69.8   2.8 0.000
272.291667 272.333333   71.5   2.8 0.000
272.333333 272.375000   71.9   2.8 0.000
272.375000 272.416667   71.3   2.8 0.000
272.416667 272.458333   70.8   2.8 0.000
272.458333 272.500000   73.5   2.8 0.000
272.500000 272.541667   71.5   2.8 0.000
272.541667 272.583333   71.1   2.8 0.000
272.583333 272.625000   70.2   2.8 0.000
272.625000 272.666667   74.5   2.8 0.000
272.666667 272.708333   73.2   2.8 0.000
272.708333 272.750000   76.3   2.8 0.000
272.750000 272.791667   79.0   2.8 0.000
272.791667 272.833333   74.4   2.8 0.000
272.833333 272.875000   71.3   2.8 0.000
272.875000 272.916667   73.0   2.8 0.000
272.916667 272.958333   76.6   2.8 0.000
272.958333 273.000000   90.9   2.9 0.000
273.000000 273.041667  119.5   3.0 0.000
273.041667 273.083333  114.5   3.0 0.000
273.083333 273.125000  106.9   2.9 0.000
273.125000 273.166667   95.9   2.9 0.000
273.166667 273.208333   87.6   2.8 0.000
273.208333 273.250000   83.4   2.8 0.000
273.250000 273.291667   76.2   2.8 0.000
273.291667 273.333333   68.0   2.7 0.000
273.333333 273.375000   71.2   2.8 0.000
273.375000 273.416667   71.8   2.8 0.000
273.416667 273.458333   72.4   2.8 0.000
273.458333 273.500000   75.4   2.9 0.000
273.500000 273.541667   78.2   2.8 0.000
273.541667 273.583333   99.8   2.9 0.000
273.583333 273.625000   77.1   2.8 0.000
273.625000 273.666667   87.0   2.9 0.000
273.666667 273.708333   87.5   2.8 0.000
273.708333 273.750000   92.3   2.9 0.000
273.750000 273.791667   93.4   2.9 0.000
273.791667 273.833333   85.4   2.8 0.000
273.833333 273.875000   83.1   2.8 0.000
273.875000 273.916667   86.1   2.8 0.000
273.916667 273.958333   98.4   2.9 0.000
273.958333 274.000000   99.1   2.9 0.000
274.000000 274.041667  103.9   2.9 0.000
274.041667 274.083333  107.2   2.9 0.000
274.083333 274.125000  106.2   2.9 0.000
274.125000 274.166667  105.4   2.9 0.000
274.166667 274.208333   98.2   2.9 0.000
274.208333 274.250000   96.6   2.9 0.000
274.250000 274.291667   88.6   2.8 0.000
274.291667 274.333333   74.2   2.8 0.000
274.333333 274.375000   67.7   2.8 0.000
274.375000 274.416667   65.7   2.8 0.000
274.416667 274.458333   63.8   2.7 0.000
274.458333 274.500000   63.7   2.7 0.000
274.500000 274.541667   60.9   2.8 0.000
274.541667 274.583333   74.0   2.9 0.000
274.583333 274.625000   73.0   2.9 0.000
274.625000 274.666667   76.3   2.9 0.000
274.666667 274.708333   74.6   3.9 0.000
274.708333 274.750000   75.8   5.6 0.000
274.750000 274.791667   77.8   2.9 0.000
274.791667 274.833333   69.9   2.9 0.000
274.833333 274.875000   60.1   6.5 0.000
274.875000 274.916667   60.9   7.8 0.000
274.916667 274.958333   59.8   6.2 0.000
274.958333 275.000000   62.7  25.0 0.000
275.000000 275.041667 9999.9 999.9 0.999
275.041667 275.083333   62.6   3.0 0.000
275.083333 275.125000   65.1   2.8 0.000
275.125000 275.166667   68.0   3.3 0.000
275.166667 275.208333 9999.9 999.9 0.999
275.208333 275.250000   66.2   6.1 0.000
275.250000 275.291667 9999.9 999.9 0.999
275.291667 275.333333 9999.9 999.9 0.999
275.333333 275.375000 9999.9 999.9 0.999
275.375000 275.416667   55.8   4.2 0.000
275.416667 275.458333 9999.9 999.9 0.999
275.458333 275.500000   61.1   4.3 0.000
275.500000 275.541667   63.0   3.1 0.000
275.541667 275.583333   69.3   5.3 0.000
275.583333 275.625000   71.1   3.6 0.000
275.625000 275.666667 9999.9 999.9 0.999
275.666667 275.708333   64.2   7.8 0.000
275.708333 275.750000   65.0   4.9 0.000
275.750000 275.791667   65.8   2.8 0.000
275.791667 275.833333   76.9   5.4 0.000
275.833333 275.875000   79.9   4.4 0.000
275.875000 275.916667   54.4   4.8 0.000
275.916667 275.958333   57.4   4.0 0.000
275.958333 276.000000   58.8   3.0 0.000
276.000000 276.041667   58.3   3.2 0.000
276.041667 276.083333   56.7   4.3 0.000
276.083333 276.125000   58.6   3.0 0.000
276.125000 276.166667   58.9   4.6 0.000
276.166667 276.208333   56.2   2.9 0.000
276.208333 276.250000   55.3   2.8 0.000
276.250000 276.291667   54.2   4.5 0.000
276.291667 276.333333   53.2   2.9 0.000
276.333333 276.375000   52.5   3.0 0.000
276.375000 276.416667   54.7   3.5 0.000
276.416667 276.458333   54.1   3.3 0.000
276.458333 276.500000   52.5   2.9 0.000
276.500000 276.541667   51.0   2.8 0.000
276.541667 276.583333   52.5   2.8 0.000
276.583333 276.625000   51.7   2.8 0.000
276.625000 276.666667   51.4   2.8 0.000
276.666667 276.708333   45.1   2.9 0.000
276.708333 276.750000   47.9   3.6 0.000
276.750000 276.791667   46.9   3.6 0.000
276.791667 276.833333   42.2   3.0 0.000
276.833333 276.875000   41.2   2.7 0.000
276.875000 276.916667   40.3   2.8 0.000
276.916667 276.958333   40.5   2.8 0.000
276.958333 277.000000 9999.9 999.9 0.999
277.000000 277.041667 9999.9 999.9 0.999
277.041667 277.083333 9999.9 999.9 0.999
277.083333 277.125000 9999.9 999.9 0.999
277.125000 277.166667 9999.9 999.9 0.999
277.166667 277.208333 9999.9 999.9 0.999
277.208333 277.250000   49.4   3.0 0.000
277.250000 277.291667   51.8   2.9 0.000
277.291667 277.333333   53.7   3.1 0.000
277.333333 277.375000   55.5   2.9 0.000
277.375000 277.416667   57.6   3.3 0.000
277.416667 277.458333   57.7   3.3 0.000
277.458333 277.500000   54.8   3.6 0.000
277.500000 277.541667   56.4   3.0 0.000
277.541667 277.583333   58.4   3.5 0.000
277.583333 277.625000   60.3   2.9 0.000
277.625000 277.666667   57.7   2.8 0.000
277.666667 277.708333   55.9   2.9 0.000
277.708333 277.750000   57.0   2.8 0.000
277.750000 277.791667   54.5   3.0 0.000
277.791667 277.833333 9999.9 999.9 0.999
277.833333 277.875000 9999.9 999.9 0.999
277.875000 277.916667   43.2   3.9 0.000
277.916667 277.958333   41.7   3.3 0.000
277.958333 278.000000   41.6   3.7 0.000
278.000000 278.041667 9999.9 999.9 0.999
278.041667 278.083333 9999.9 999.9 0.999
278.083333 278.125000 9999.9 999.9 0.999
278.125000 278.166667 9999.9 999.9 0.999
278.166667 278.208333 9999.9 999.9 0.999
278.208333 278.250000 9999.9 999.9 0.999
278.250000 278.291667   48.1   2.7 0.000
278.291667 278.333333   53.2   2.7 0.000
278.333333 278.375000   55.2   2.7 0.000
278.375000 278.416667   56.6   2.7 0.000
278.416667 278.458333   59.7   2.8 0.000
278.458333 278.500000   62.1   2.8 0.000
278.500000 278.541667   60.2   2.7 0.000
278.541667 278.583333   56.2   2.7 0.000
278.583333 278.625000   53.2   2.7 0.000
278.625000 278.666667   50.7   2.7 0.000
278.666667 278.708333   53.1   2.7 0.000
278.708333 278.750000   55.1   2.7 0.000
278.750000 278.791667   56.7   2.7 0.000
278.791667 278.833333   53.4   2.7 0.000
278.833333 278.875000   43.0   2.7 0.000
278.875000 278.916667   48.1   2.7 0.000
278.916667 278.958333   49.4   2.7 0.000
278.958333 279.000000   49.9   2.7 0.000
279.000000 279.041667   44.7   2.7 0.000
279.041667 279.083333   45.4   2.7 0.000
279.083333 279.125000   45.2   2.7 0.000
279.125000 279.166667   45.9   2.7 0.000
279.166667 279.208333   42.2   2.7 0.000
279.208333 279.250000   43.0   2.7 0.000
279.250000 279.291667   41.8   2.7 0.000
279.291667 279.333333   45.6   2.7 0.000
279.333333 279.375000   49.8   2.7 0.000
279.375000 279.416667   49.0   2.8 0.000
279.416667 279.458333   48.6   2.8 0.000
279.458333 279.500000   48.7   2.7 0.000
279.500000 279.541667   49.7   2.8 0.000
279.541667 279.583333   50.0   2.7 0.000
279.583333 279.625000   47.0   2.7 0.000
279.625000 279.666667   43.5   2.8 0.000
279.666667 279.708333   45.6   2.9 0.000
279.708333 279.750000   45.7   2.9 0.000
279.750000 279.791667   45.3   3.0 0.000
279.791667 279.833333   45.8   2.9 0.000
279.833333 279.875000   45.5   2.9 0.000
279.875000 279.916667   45.2   2.9 0.000
279.916667 279.958333   38.8   2.8 0.000
279.958333 280.000000   40.6   2.7 0.000
280.000000 280.041667   44.5   2.7 0.000
280.041667 280.083333   45.7   2.7 0.000
280.083333 280.125000   45.6   3.0 0.000
280.125000 280.166667   46.2   3.2 0.000
280.166667 280.208333   50.5   3.3 0.000
280.208333 280.250000   53.3   3.1 0.000
280.250000 280.291667   56.9   3.0 0.000
280.291667 280.333333   60.5   2.8 0.000
280.333333 280.375000   61.7   2.8 0.000
280.375000 280.416667   63.0   2.9 0.000
280.416667 280.458333   65.8   2.8 0.000
280.458333 280.500000   70.0   2.8 0.000
280.500000 280.541667   68.6   2.8 0.000
280.541667 280.583333   69.3   2.9 0.000
280.583333 280.625000   56.0   2.7 0.000
280.625000 280.666667   51.0   2.7 0.000
280.666667 280.708333   58.3   2.8 0.000
280.708333 280.750000   61.9   2.8 0.000
280.750000 280.791667   59.2   2.8 0.000
280.791667 280.833333   63.0   2.8 0.000
280.833333 280.875000   61.7   2.8 0.000
280.875000 280.916667   64.6   2.9 0.000
280.916667 280.958333   66.0   2.9 0.000
280.958333 281.000000   55.9   3.2 0.000
