data/ebas/o3_legacy/KE0001G.20020531230000.20100322000000.uv_abs.ozone.air.7mo.1h.CH01L_uv_abs_MKN.CH01L_uv_abs..nas
57 1001
Henne, Stefan; Aseyo, John; Thiong'o, Kennedy
CH01L, Swiss Federal Laboratories for Materials Science and Technology, EMPA, Section Air Pollution, Überlandstrasse 133, , 8600, Dübendorf, Switzerland
Henne, Stefan; Klausen, Joerg
GAW-WDCRG sel_HTAP
1 1
2002 01 01 2010 03 22
0.041667
days from file reference point
4
1 1 1 1
999.999999 9999.9 999.9 9.999
end_time of measurement, days from the file reference point
ozone, ug/m3, Statistics=arithmetic mean
ozone, ug/m3, Statistics=stddev
numflag, no unit
0
39
Data definition:              EBAS_1.1
Set type code:                TU
Timezone:                     UTC
File name:                    KE0001G.20020531230000.20100322000000.uv_abs.ozone.air.7mo.1h.CH01L_uv_abs_MKN.CH01L_uv_abs..nas
File creation:                20220610064449866000
Export state:                 20220610064431313000
Export filter:                exclude-900,exclude-invalid
Startdate:                    20020531230000
Revision date:                20100322000000
Data level:                   
Period code:                  7mo
Resolution code:              1h
Station code:                 KE0001G
Platform code:                KE0001S
Station name:                 Mt. Kenya
Station WDCA-ID:              GAWAKE__MKN
Station GAW-ID:               MKN
Station GAW-Name:             Mt. Kenya
Station land use:             Grassland
Station setting:              Mountain
Station GAW type:             G
Station WMO region:           1
Station latitude:             -0.0622
Station longitude:            37.2972
Station altitude:             3678.0 m
Regime:                       IMG
Component:                    ozone
Unit:                         ug/m3
Matrix:                       air
Laboratory code:              CH01L
Instrument type:              uv_abs
Instrument name:              uv_abs_MKN
Method ref:                   CH01L_uv_abs
Originator:                   Henne, Stefan, , , , , , , , , 
Originator:                   Aseyo, John, , , , , , , , , 
Originator:                   Thiong'o, Kennedy, , , , , , , , , 
Submitter:                    Henne, Stefan, , , , , , , , , 
Submitter:                    Klausen, Joerg, , , , , , , , , 
starttime endtime O3 O3 flag
150.958333 151.000000   83.3   3.9 0.000
151.000000 151.041667   84.6   3.0 0.000
151.041667 151.083333   81.6   2.9 0.000
151.083333 151.125000   80.1   3.5 0.000
151.125000 151.166667   81.9   3.2 0.000
151.166667 151.208333   83.1   4.2 0.000
151.208333 151.250000  105.0   6.6 0.000
151.250000 151.291667   91.0   3.5 0.000
151.291667 151.333333   68.8   4.2 0.000
151.333333 151.375000   60.1   3.1 0.000
151.375000 151.416667   61.7   4.4 0.000
151.416667 151.458333   56.7   4.3 0.000
151.458333 151.500000   56.7   3.0 0.000
151.500000 151.541667   64.5   3.4 0.000
151.541667 151.583333   61.4   3.1 0.000
151.583333 151.625000   56.7   3.4 0.000
151.625000 151.666667   50.0   2.8 0.000
151.666667 151.708333   55.3   3.6 0.000
151.708333 151.750000   85.7   2.8 0.000
151.750000 151.791667   90.5   3.0 0.000
151.791667 151.833333   92.2   2.8 0.000
151.833333 151.875000   92.9   2.8 0.000
151.875000 151.916667   88.9   3.1 0.000
151.916667 151.958333   87.6   2.9 0.000
151.958333 152.000000   93.7   3.0 0.000
152.000000 152.041667 9999.9 999.9 0.999
152.041667 152.083333 9999.9 999.9 0.999
152.083333 152.125000 9999.9 999.9 0.999
152.125000 152.166667 9999.9 999.9 0.999
152.166667 152.208333 9999.9 999.9 0.999
152.208333 152.250000 9999.9 999.9 0.999
152.250000 152.291667 9999.9 999.9 0.999
152.291667 152.333333 9999.9 999.9 0.999
152.333333 152.375000 9999.9 999.9 0.999
152.375000 152.416667 9999.9 999.9 0.999
152.416667 152.458333 9999.9 999.9 0.999
152.458333 152.500000 9999.9 999.9 0.999
152.500000 152.541667 9999.9 999.9 0.999
152.541667 152.583333 9999.9 999.9 0.999
152.583333 152.625000 9999.9 999.9 0.999
152.625000 152.666667 9999.9 999.9 0.999
152.666667 152.708333 9999.9 999.9 0.999
152.708333 152.750000 9999.9 999.9 0.999
152.750000 152.791667 9999.9 999.9 0.999
152.791667 152.833333 9999.9 999.9 0.999
152.833333 152.875000 9999.9 999.9 0.999
152.875000 152.916667 9999.9 999.9 0.999
152.916667 152.958333 9999.9 999.9 0.999
152.958333 153.000000 9999.9 999.9 0.999
153.000000 153.041667 9999.9 999.9 0.999
153.041667 153.083333 9999.9 999.9 0.999
153.083333 153.125000 9999.9 999.9 0.999
153.125000 153.166667 9999.9 999.9 0.999
153.166667 153.208333 9999.9 999.9 0.999
153.208333 153.250000 9999.9 999.9 0.999
153.250000 153.291667 9999.9 999.9 0.999
153.291667 153.333333 9999.9 999.9 0.999
153.333333 153.375000 9999.9 999.9 0.999
153.375000 153.416667 9999.9 999.9 0.999
153.416667 153.458333 9999.9 999.9 0.999
153.458333 153.500000 9999.9 999.9 0.999
153.500000 153.541667 9999.9 999.9 0.999
153.541667 153.583333 9999.9 999.9 0.999
153.583333 153.625000 9999.9 999.9 0.999
153.625000 153.666667 9999.9 999.9 0.999
153.666667 153.708333 9999.9 999.9 0.999
153.708333 153.750000 9999.9 999.9 0.999
153.750000 153.791667 9999.9 999.9 0.999
153.791667 153.833333 9999.9 999.9 0.999
153.833333 153.875000 9999.9 999.9 0.999
153.875000 153.916667 9999.9 999.9 0.999
153.916667 153.958333 9999.9 999.9 0.999
153.958333 154.000000 9999.9 999.9 0.999
154.000000 154.041667 9999.9 999.9 0.999
154.041667 154.083333 9999.9 999.9 0.999
154.083333 154.125000 9999.9 999.9 0.999
154.125000 154.166667 9999.9 999.9 0.999
154.166667 154.208333 9999.9 999.9 0.999
154.208333 154.250000 9999.9 999.9 0.999
154.250000 154.291667 9999.9 999.9 0.999
154.291667 154.333333 9999.9 999.9 0.999
154.333333 154.375000 9999.9 999.9 0.999
154.375000 154.416667 9999.9 999.9 0.999
154.416667 154.458333 9999.9 999.9 0.999
154.458333 154.500000 9999.9 999.9 0.999
154.500000 154.541667 9999.9 999.9 0.999
154.541667 154.583333 9999.9 999.9 0.999
154.583333 154.625000   75.6   8.6 0.000
154.625000 154.666667   63.3   3.3 0.000
154.666667 154.708333   68.4   3.0 0.000
154.708333 154.750000   72.3   3.0 0.000
154.750000 154.791667   78.5   2.8 0.000
154.791667 154.833333   79.2   2.9 0.000
154.833333 154.875000   84.2   2.8 0.000
154.875000 154.916667   81.4   3.5 0.000
154.916667 154.958333   90.9   3.9 0.000
154.958333 155.000000   94.1   2.9 0.000
155.000000 155.041667   96.8   3.7 0.000
155.041667 155.083333  104.5   2.9 0.000
155.083333 155.125000   96.2   2.8 0.000
155.125000 155.166667   89.5   2.8 0.000
155.166667 155.208333   88.1   3.1 0.000
155.208333 155.250000   99.5   3.5 0.000
155.250000 155.291667   92.1   8.0 0.000
155.291667 155.333333 9999.9 999.9 0.999
155.333333 155.375000 9999.9 999.9 0.999
155.375000 155.416667 9999.9 999.9 0.999
155.416667 155.458333 9999.9 999.9 0.999
155.458333 155.500000 9999.9 999.9 0.999
155.500000 155.541667 9999.9 999.9 0.999
155.541667 155.583333   54.9   9.4 0.000
155.583333 155.625000   52.1   2.8 0.000
155.625000 155.666667   51.6   4.4 0.000
155.666667 155.708333   63.6   2.9 0.000
155.708333 155.750000   67.6   2.7 0.000
155.750000 155.791667   69.7   2.8 0.000
155.791667 155.833333   72.7   3.2 0.000
155.833333 155.875000   71.5   2.7 0.000
155.875000 155.916667   80.8   3.2 0.000
155.916667 155.958333   90.0   2.9 0.000
155.958333 156.000000   91.0   2.8 0.000
156.000000 156.041667   89.8   4.7 0.000
156.041667 156.083333   86.6   3.0 0.000
156.083333 156.125000   95.2   2.8 0.000
156.125000 156.166667   94.9   3.1 0.000
156.166667 156.208333   94.3   3.5 0.000
156.208333 156.250000   78.6   3.0 0.000
156.250000 156.291667   75.5   8.6 0.000
156.291667 156.333333 9999.9 999.9 0.999
156.333333 156.375000 9999.9 999.9 0.999
156.375000 156.416667 9999.9 999.9 0.999
156.416667 156.458333 9999.9 999.9 0.999
156.458333 156.500000   77.8  14.5 0.000
156.500000 156.541667   77.0  12.1 0.000
156.541667 156.583333   54.4   4.5 0.000
156.583333 156.625000   40.7   2.7 0.000
156.625000 156.666667   36.8   2.8 0.000
156.666667 156.708333   52.2   3.1 0.000
156.708333 156.750000   61.5   2.7 0.000
156.750000 156.791667   63.0   2.7 0.000
156.791667 156.833333   63.1   2.7 0.000
156.833333 156.875000   67.8   2.9 0.000
156.875000 156.916667   67.7   3.0 0.000
156.916667 156.958333   68.9   2.7 0.000
156.958333 157.000000   66.1   2.7 0.000
157.000000 157.041667   66.2   2.7 0.000
157.041667 157.083333   66.6   2.7 0.000
157.083333 157.125000   69.4   2.7 0.000
157.125000 157.166667   65.7   2.9 0.000
157.166667 157.208333   64.1   3.4 0.000
157.208333 157.250000   68.4   3.4 0.000
157.250000 157.291667   56.8   3.8 0.000
157.291667 157.333333   46.6   3.6 0.000
157.333333 157.375000 9999.9 999.9 0.999
157.375000 157.416667 9999.9 999.9 0.999
157.416667 157.458333 9999.9 999.9 0.999
157.458333 157.500000 9999.9 999.9 0.999
157.500000 157.541667 9999.9 999.9 0.999
157.541667 157.583333   64.6   4.0 0.000
157.583333 157.625000   58.8   2.7 0.000
157.625000 157.666667   51.9   2.7 0.000
157.666667 157.708333   53.5   2.7 0.000
157.708333 157.750000   63.9   2.7 0.000
157.750000 157.791667   66.3   2.9 0.000
157.791667 157.833333   80.8   3.1 0.000
157.833333 157.875000   85.6   3.0 0.000
157.875000 157.916667   92.4   4.1 0.000
157.916667 157.958333   84.4   4.1 0.000
157.958333 158.000000   86.2   3.1 0.000
158.000000 158.041667   89.3   2.8 0.000
158.041667 158.083333   90.9   2.8 0.000
158.083333 158.125000   91.5   2.8 0.000
158.125000 158.166667   90.2   3.2 0.000
158.166667 158.208333   85.5   3.4 0.000
158.208333 158.250000   76.7   3.2 0.000
158.250000 158.291667   64.3   3.9 0.000
158.291667 158.333333   54.1   3.6 0.000
158.333333 158.375000   47.2   2.8 0.000
158.375000 158.416667   49.2   2.8 0.000
158.416667 158.458333   49.0   2.7 0.000
158.458333 158.500000   49.2   3.1 0.000
158.500000 158.541667   49.1   3.0 0.000
158.541667 158.583333   57.5   3.4 0.000
158.583333 158.625000   71.1   2.7 0.000
158.625000 158.666667   58.5   4.0 0.000
158.666667 158.708333   69.2   3.2 0.000
158.708333 158.750000   68.3   2.9 0.000
158.750000 158.791667   68.2   3.3 0.000
158.791667 158.833333   64.8   2.9 0.000
158.833333 158.875000   71.5   2.8 0.000
158.875000 158.916667   70.3   2.8 0.000
158.916667 158.958333   69.4   3.4 0.000
158.958333 159.000000   75.4   2.9 0.000
159.000000 159.041667   73.5   2.8 0.000
159.041667 159.083333   69.5   2.8 0.000
159.083333 159.125000   66.2   2.7 0.000
159.125000 159.166667   63.9   2.7 0.000
159.166667 159.208333   59.1   3.1 0.000
159.208333 159.250000   55.6   3.3 0.000
159.250000 159.291667   42.3   3.8 0.000
159.291667 159.333333   39.8   2.7 0.000
159.333333 159.375000   38.5   2.6 0.000
159.375000 159.416667   40.1   2.7 0.000
159.416667 159.458333   39.7   2.7 0.000
159.458333 159.500000   42.1   2.6 0.000
159.500000 159.541667   51.6   3.1 0.000
159.541667 159.583333   48.5   4.6 0.000
159.583333 159.625000   47.3   6.4 0.000
159.625000 159.666667   42.8   3.0 0.000
159.666667 159.708333   46.5   2.7 0.000
159.708333 159.750000   43.8   2.6 0.000
159.750000 159.791667   42.1   2.6 0.000
159.791667 159.833333   45.8   2.6 0.000
159.833333 159.875000   39.7   2.7 0.000
159.875000 159.916667   45.3   3.6 0.000
159.916667 159.958333   45.0   2.6 0.000
159.958333 160.000000   46.1   2.7 0.000
160.000000 160.041667   49.7   2.8 0.000
160.041667 160.083333   49.1   2.7 0.000
160.083333 160.125000   49.5   2.7 0.000
160.125000 160.166667   49.6   2.8 0.000
160.166667 160.208333   47.7   3.0 0.000
160.208333 160.250000   42.4   3.0 0.000
160.250000 160.291667   43.1   4.4 0.000
160.291667 160.333333   39.3   3.4 0.000
160.333333 160.375000   44.1   4.5 0.000
160.375000 160.416667   50.0   2.9 0.000
160.416667 160.458333   49.0   3.7 0.000
160.458333 160.500000   53.2   3.7 0.000
160.500000 160.541667   54.3   6.4 0.000
160.541667 160.583333   44.1   3.8 0.000
160.583333 160.625000   48.3   2.8 0.000
160.625000 160.666667   46.4   2.6 0.000
160.666667 160.708333   45.0   2.7 0.000
160.708333 160.750000   45.4   2.7 0.000
160.750000 160.791667   45.8   2.9 0.000
160.791667 160.833333   46.8   2.7 0.000
160.833333 160.875000   52.1   2.8 0.000
160.875000 160.916667   55.7   3.0 0.000
160.916667 160.958333   59.4   2.8 0.000
160.958333 161.000000   58.5   2.8 0.000
161.000000 161.041667   58.0   2.9 0.000
161.041667 161.083333   55.2   2.7 0.000
161.083333 161.125000   55.8   2.7 0.000
161.125000 161.166667   54.7   2.8 0.000
161.166667 161.208333   51.4   3.4 0.000
161.208333 161.250000   44.5   2.9 0.000
161.250000 161.291667   41.1   4.4 0.000
161.291667 161.333333   39.9   2.9 0.000
161.333333 161.375000   40.8   2.8 0.000
161.375000 161.416667   40.5   2.9 0.000
161.416667 161.458333   39.9   2.8 0.000
161.458333 161.500000   51.4   4.7 0.000
161.500000 161.541667   61.0   4.6 0.000
161.541667 161.583333   55.3   4.5 0.000
161.583333 161.625000   45.8   2.9 0.000
161.625000 161.666667   51.1   2.8 0.000
161.666667 161.708333   55.7   2.8 0.000
161.708333 161.750000   57.1   2.8 0.000
161.750000 161.791667   59.1   3.7 0.000
161.791667 161.833333   59.4   2.7 0.000
161.833333 161.875000   55.2   2.7 0.000
161.875000 161.916667   55.3   3.7 0.000
161.916667 161.958333   55.4   2.8 0.000
161.958333 162.000000   60.4   2.7 0.000
162.000000 162.041667   65.0   2.7 0.000
162.041667 162.083333   60.3   2.7 0.000
162.083333 162.125000   62.9   3.2 0.000
162.125000 162.166667   57.5   2.8 0.000
162.166667 162.208333   56.2   3.6 0.000
162.208333 162.250000   61.2   5.9 0.000
162.250000 162.291667   58.6   9.3 0.000
162.291667 162.333333   49.6   8.1 0.000
162.333333 162.375000   50.2   4.9 0.000
162.375000 162.416667   50.5   7.3 0.000
162.416667 162.458333   46.0   4.7 0.000
162.458333 162.500000   44.3   2.8 0.000
162.500000 162.541667   46.6   4.6 0.000
162.541667 162.583333   44.9   3.4 0.000
162.583333 162.625000   44.6   6.2 0.000
162.625000 162.666667 9999.9 999.9 0.999
162.666667 162.708333 9999.9 999.9 0.999
162.708333 162.750000   48.8  39.2 0.000
162.750000 162.791667   54.9   5.9 0.000
162.791667 162.833333   49.6   5.4 0.000
162.833333 162.875000   53.3   3.5 0.000
162.875000 162.916667   54.0   4.1 0.000
162.916667 162.958333   53.9   3.8 0.000
162.958333 163.000000   54.4   2.9 0.000
163.000000 163.041667   61.6   2.7 0.000
163.041667 163.083333   59.0   4.0 0.000
163.083333 163.125000   61.5   2.6 0.000
163.125000 163.166667   58.6   2.6 0.000
163.166667 163.208333   56.7   3.2 0.000
163.208333 163.250000   55.7   3.5 0.000
163.250000 163.291667   53.7  11.1 0.000
163.291667 163.333333   49.7   4.5 0.000
163.333333 163.375000   53.5   6.1 0.000
163.375000 163.416667   54.0   4.5 0.000
163.416667 163.458333   55.2   5.8 0.000
163.458333 163.500000   56.5   4.4 0.000
163.500000 163.541667   54.0   5.3 0.000
163.541667 163.583333   55.1   7.1 0.000
163.583333 163.625000   51.1   4.1 0.000
163.625000 163.666667   45.4   2.7 0.000
163.666667 163.708333   53.0   3.5 0.000
163.708333 163.750000   53.5   2.8 0.000
163.750000 163.791667   57.4   2.9 0.000
163.791667 163.833333   60.4   2.7 0.000
163.833333 163.875000   60.7   2.8 0.000
163.875000 163.916667   56.8   2.7 0.000
163.916667 163.958333   56.1   2.7 0.000
163.958333 164.000000   57.2   2.7 0.000
164.000000 164.041667   53.8   2.9 0.000
164.041667 164.083333   54.1   2.7 0.000
164.083333 164.125000   55.6   3.2 0.000
164.125000 164.166667   57.1   2.7 0.000
164.166667 164.208333   65.5   2.7 0.000
164.208333 164.250000   67.3   2.7 0.000
164.250000 164.291667   63.7   2.9 0.000
164.291667 164.333333   64.4   3.5 0.000
164.333333 164.375000   62.7   5.4 0.000
164.375000 164.416667   65.0   3.5 0.000
164.416667 164.458333   68.4   3.1 0.000
164.458333 164.500000   68.8   3.7 0.000
164.500000 164.541667   64.9   3.6 0.000
164.541667 164.583333 9999.9 999.9 0.999
164.583333 164.625000 9999.9 999.9 0.999
164.625000 164.666667 9999.9 999.9 0.999
164.666667 164.708333 9999.9 999.9 0.999
164.708333 164.750000 9999.9 999.9 0.999
164.750000 164.791667 9999.9 999.9 0.999
164.791667 164.833333 9999.9 999.9 0.999
164.833333 164.875000 9999.9 999.9 0.999
164.875000 164.916667 9999.9 999.9 0.999
164.916667 164.958333 9999.9 999.9 0.999
164.958333 165.000000 9999.9 999.9 0.999
165.000000 165.041667 9999.9 999.9 0.999
165.041667 165.083333 9999.9 999.9 0.999
165.083333 165.125000 9999.9 999.9 0.999
165.125000 165.166667 9999.9 999.9 0.999
165.166667 165.208333 9999.9 999.9 0.999
165.208333 165.250000 9999.9 999.9 0.999
165.250000 165.291667 9999.9 999.9 0.999
165.291667 165.333333 9999.9 999.9 0.999
165.333333 165.375000 9999.9 999.9 0.999
165.375000 165.416667 9999.9 999.9 0.999
165.416667 165.458333 9999.9 999.9 0.999
165.458333 165.500000 9999.9 999.9 0.999
165.500000 165.541667 9999.9 999.9 0.999
165.541667 165.583333 9999.9 999.9 0.999
165.583333 165.625000 9999.9 999.9 0.999
165.625000 165.666667 9999.9 999.9 0.999
165.666667 165.708333 9999.9 999.9 0.999
165.708333 165.750000 9999.9 999.9 0.999
165.750000 165.791667 9999.9 999.9 0.999
165.791667 165.833333 9999.9 999.9 0.999
165.833333 165.875000 9999.9 999.9 0.999
165.875000 165.916667 9999.9 999.9 0.999
165.916667 165.958333 9999.9 999.9 0.999
165.958333 166.000000 9999.9 999.9 0.999
166.000000 166.041667 9999.9 999.9 0.999
166.041667 166.083333 9999.9 999.9 0.999
166.083333 166.125000 9999.9 999.9 0.999
166.125000 166.166667 9999.9 999.9 0.999
166.166667 166.208333 9999.9 999.9 0.999
166.208333 166.250000 9999.9 999.9 0.999
166.250000 166.291667 9999.9 999.9 0.999
166.291667 166.333333 9999.9 999.9 0.999
166.333333 166.375000 9999.9 999.9 0.999
166.375000 166.416667 9999.9 999.9 0.999
166.416667 166.458333 9999.9 999.9 0.999
166.458333 166.500000 9999.9 999.9 0.999
166.500000 166.541667 9999.9 999.9 0.999
166.541667 166.583333 9999.9 999.9 0.999
166.583333 166.625000   75.6   3.2 0.000
166.625000 166.666667   80.4   2.7 0.000
166.666667 166.708333   79.7   2.7 0.000
166.708333 166.750000   76.2   2.7 0.000
166.750000 166.791667   74.3   2.7 0.000
166.791667 166.833333   75.5   2.7 0.000
166.833333 166.875000   79.9   2.7 0.000
166.875000 166.916667   79.3   2.7 0.000
166.916667 166.958333   78.4   2.7 0.000
166.958333 167.000000   79.0   2.8 0.000
167.000000 167.041667   79.2   2.9 0.000
167.041667 167.083333   75.8   2.8 0.000
167.083333 167.125000   88.4   2.8 0.000
167.125000 167.166667   80.3   2.9 0.000
167.166667 167.208333   82.3   3.1 0.000
