data/ebas/o3_legacy/KE0001G.20060101000000.20100322000000.uv_abs.ozone.air.5mo.1h.CH01L_uv_abs_MKN.CH01L_uv_abs..nas
57 1001
Henne, Stefan; Aseyo, John; Thiong'o, Kennedy
CH01L, Swiss Federal Laboratories for Materials Science and Technology, EMPA, Section Air Pollution, Überlandstrasse 133, , 8600, Dübendorf, Switzerland
Henne, Stefan; Klausen, Joerg
GAW-WDCRG sel_HTAP
1 1
2006 01 01 2010 03 22
0.041667
days from file reference point
4
1 1 1 1
999.999999 9999.9 99.9 9.999
end_time of measurement, days from the file reference point
ozone, ug/m3, Statistics=arithmetic mean
ozone, ug/m3, Statistics=stddev
numflag, no unit
0
39
Data definition:              EBAS_1.1
Set type code:                TU
Timezone:                     UTC
File name:                    KE0001G.20060101000000.20100322000000.uv_abs.ozone.air.5mo.1h.CH01L_uv_abs_MKN.CH01L_uv_abs..nas
File creation:                20220610064453030000
Export state:                 20220610064431313000
Export filter:                exclude-900,exclude-invalid
Startdate:                    20060101000000
Revision date:                20100322000000
Data level:                   
Period code:                  5mo
Resolution code:              1h
Station code:                 KE0001G
Platform code:                KE0001S
Station name:                 Mt. Kenya
Station WDCA-ID:              GAWAKE__MKN
Station GAW-ID:               MKN
Station GAW-Name:             Mt. Kenya
Station land use:             Grassland
Station setting:              Mountain
Station GAW type:             G
Station WMO region:           1
Station latitude:             -0.0622
Station longitude:            37.2972
Station altitude:             3678.0 m
Regime:                       IMG
Component:                    ozone
Unit:                         ug/m3
Matrix:                       air
Laboratory code:              CH01L
Instrument type:              uv_abs
Instrument name:              uv_abs_MKN
Method ref:                   CH01L_uv_abs
Originator:                   Henne, Stefan, , , , , , , , , 
Originator:                   Aseyo, John, , , , , , , , , 
Originator:                   Thiong'o, Kennedy, , , , , , , , , 
Submitter:                    Henne, Stefan, , , , , , , , , 
Submitter:                    Klausen, Joerg, , , , , , , , , 
starttime endtime O3 O3 flag
[from data line 2401]
100.041667 100.083333   64.5  2.6 0.000
100.083333 100.125000   60.9  2.6 0.000
100.125000 100.166667   60.6  2.6 0.000
100.166667 100.208333   61.8  2.6 0.000
100.208333 100.250000   64.6  2.6 0.000
100.250000 100.291667   61.0  2.6 0.000
100.291667 100.333333   54.5  2.6 0.000
100.333333 100.375000   46.5  2.5 0.000
100.375000 100.416667   48.8  2.5 0.000
100.416667 100.458333   47.4  2.5 0.000
100.458333 100.500000   50.9  2.5 0.000
100.500000 100.541667   43.9  2.5 0.000
100.541667 100.583333   42.2  2.5 0.000
100.583333 100.625000   46.5  2.5 0.000
100.625000 100.666667   49.9  2.5 0.000
100.666667 100.708333   45.0  2.5 0.000
100.708333 100.750000   45.8  2.5 0.000
100.750000 100.791667   48.9  2.5 0.000
100.791667 100.833333   46.2  2.5 0.000
100.833333 100.875000   47.2  2.5 0.000
100.875000 100.916667   43.6  2.5 0.000
100.916667 100.958333   37.2  2.5 0.000
100.958333 101.000000   43.0  2.5 0.000
101.000000 101.041667   50.4  2.5 0.000
101.041667 101.083333   44.7  2.5 0.000
101.083333 101.125000   45.1  2.5 0.000
101.125000 101.166667   42.7  2.5 0.000
101.166667 101.208333   46.8  2.5 0.000
101.208333 101.250000   45.0  2.5 0.000
101.250000 101.291667   40.1  2.5 0.000
101.291667 101.333333   38.3  2.5 0.000
101.333333 101.375000   37.7  2.5 0.000
101.375000 101.416667   39.3  2.5 0.000
101.416667 101.458333   43.0  2.5 0.000
101.458333 101.500000   42.5  2.5 0.000
101.500000 101.541667   38.8  2.5 0.000
101.541667 101.583333   38.1  2.5 0.000
101.583333 101.625000   36.4  2.5 0.000
101.625000 101.666667   33.4  2.5 0.000
101.666667 101.708333   36.6  2.5 0.000
101.708333 101.750000   37.8  2.5 0.000
101.750000 101.791667   38.6  2.5 0.000
101.791667 101.833333   39.4  2.5 0.000
101.833333 101.875000   41.2  2.5 0.000
101.875000 101.916667   42.2  2.5 0.000
101.916667 101.958333   42.2  2.5 0.000
101.958333 102.000000   45.6  2.5 0.000
102.000000 102.041667   46.0  2.5 0.000
102.041667 102.083333   43.3  2.5 0.000
102.083333 102.125000   45.4  2.5 0.000
102.125000 102.166667   44.7  2.5 0.000
102.166667 102.208333   51.2  2.5 0.000
102.208333 102.250000   44.4  2.5 0.000
102.250000 102.291667   35.1  2.5 0.000
102.291667 102.333333   35.0  2.5 0.000
102.333333 102.375000   37.1  2.5 0.000
102.375000 102.416667   42.4  2.5 0.000
102.416667 102.458333   41.8  2.5 0.000
102.458333 102.500000   43.2  2.5 0.000
102.500000 102.541667   41.1  2.6 0.000
102.541667 102.583333   43.4  2.5 0.000
102.583333 102.625000   45.7  2.5 0.000
102.625000 102.666667   45.3  2.5 0.000
102.666667 102.708333   51.4  2.5 0.000
102.708333 102.750000   54.4  2.6 0.000
102.750000 102.791667   53.4  2.6 0.000
102.791667 102.833333   38.8  2.5 0.000
102.833333 102.875000   42.8  2.5 0.000
102.875000 102.916667   48.2  2.5 0.000
102.916667 102.958333   55.9  2.6 0.000
102.958333 103.000000   60.5  2.6 0.000
103.000000 103.041667   59.4  2.6 0.000
103.041667 103.083333   52.9  2.6 0.000
103.083333 103.125000   43.4  2.5 0.000
103.125000 103.166667   43.7  2.5 0.000
103.166667 103.208333   40.2  2.5 0.000
103.208333 103.250000   49.4  2.5 0.000
103.250000 103.291667   45.0  2.5 0.000
103.291667 103.333333   44.1  2.5 0.000
103.333333 103.375000   49.7  2.5 0.000
103.375000 103.416667   50.0  2.5 0.000
103.416667 103.458333   49.4  2.5 0.000
103.458333 103.500000   49.1  2.5 0.000
103.500000 103.541667   49.9  2.5 0.000
103.541667 103.583333   48.6  2.5 0.000
103.583333 103.625000   49.4  2.5 0.000
103.625000 103.666667   47.2  2.5 0.000
103.666667 103.708333   43.5  2.5 0.000
103.708333 103.750000   46.2  2.5 0.000
103.750000 103.791667   51.6  2.5 0.000
103.791667 103.833333   54.7  2.6 0.000
103.833333 103.875000   54.5  2.6 0.000
103.875000 103.916667   55.8  2.6 0.000
103.916667 103.958333   64.5  2.6 0.000
103.958333 104.000000   61.7  2.6 0.000
104.000000 104.041667   62.0  2.6 0.000
104.041667 104.083333   68.4  2.6 0.000
104.083333 104.125000   76.1  2.6 0.000
104.125000 104.166667   77.0  2.6 0.000
104.166667 104.208333   71.2  2.6 0.000
104.208333 104.250000   72.1  2.6 0.000
104.250000 104.291667   70.6  2.6 0.000
104.291667 104.333333   82.2  2.6 0.000
104.333333 104.375000   81.6  2.6 0.000
104.375000 104.416667   77.7  2.6 0.000
104.416667 104.458333   74.0  2.6 0.000
104.458333 104.500000   72.0  2.6 0.000
104.500000 104.541667   73.8  2.6 0.000
104.541667 104.583333   73.7  2.6 0.000
104.583333 104.625000   68.1  2.6 0.000
104.625000 104.666667   68.9  2.6 0.000
104.666667 104.708333   66.9  2.6 0.000
104.708333 104.750000   72.8  2.6 0.000
104.750000 104.791667   68.4  2.6 0.000
104.791667 104.833333   66.5  2.6 0.000
104.833333 104.875000   69.4  2.6 0.000
104.875000 104.916667   60.9  2.6 0.000
104.916667 104.958333   63.2  2.6 0.000
104.958333 105.000000   68.4  2.6 0.000
105.000000 105.041667   71.3  2.6 0.000
105.041667 105.083333   71.3  2.6 0.000
105.083333 105.125000   69.6  2.6 0.000
105.125000 105.166667   75.3  2.6 0.000
105.166667 105.208333   75.3  2.6 0.000
105.208333 105.250000   75.3  2.6 0.000
105.250000 105.291667   79.3  2.6 0.000
105.291667 105.333333   80.5  2.6 0.000
105.333333 105.375000   80.2  2.6 0.000
105.375000 105.416667   76.1  2.6 0.000
105.416667 105.458333   71.4  2.6 0.000
105.458333 105.500000   67.1  2.6 0.000
105.500000 105.541667   67.2  2.6 0.000
105.541667 105.583333   68.9  2.6 0.000
105.583333 105.625000   76.6  2.6 0.000
105.625000 105.666667   77.7  2.6 0.000
105.666667 105.708333   72.9  2.6 0.000
105.708333 105.750000   69.1  2.6 0.000
105.750000 105.791667   71.3  2.6 0.000
105.791667 105.833333   60.9  2.6 0.000
105.833333 105.875000   69.5  2.6 0.000
105.875000 105.916667   63.5  2.6 0.000
105.916667 105.958333   63.6  2.6 0.000
105.958333 106.000000   69.0  2.6 0.000
106.000000 106.041667   68.3  2.6 0.000
106.041667 106.083333   68.8  2.6 0.000
106.083333 106.125000   67.2  2.6 0.000
106.125000 106.166667   70.8  2.6 0.000
106.166667 106.208333   66.4  2.6 0.000
106.208333 106.250000   70.9  2.6 0.000
106.250000 106.291667   73.1  2.6 0.000
106.291667 106.333333   68.2  2.6 0.000
106.333333 106.375000   66.8  2.6 0.000
106.375000 106.416667   64.9  2.6 0.000
106.416667 106.458333   62.0  2.6 0.000
106.458333 106.500000   61.5  2.6 0.000
106.500000 106.541667   59.6  2.6 0.000
106.541667 106.583333   57.7  2.6 0.000
106.583333 106.625000   51.0  2.5 0.000
106.625000 106.666667   51.8  2.5 0.000
106.666667 106.708333   50.1  2.5 0.000
106.708333 106.750000   51.1  2.5 0.000
106.750000 106.791667   57.6  2.6 0.000
106.791667 106.833333   51.1  2.5 0.000
106.833333 106.875000   47.8  2.5 0.000
106.875000 106.916667   52.9  2.6 0.000
106.916667 106.958333   55.5  2.6 0.000
106.958333 107.000000   61.0  2.6 0.000
107.000000 107.041667   57.4  2.6 0.000
107.041667 107.083333   66.2  2.6 0.000
107.083333 107.125000   67.2  2.6 0.000
107.125000 107.166667   73.7  2.6 0.000
107.166667 107.208333   87.1  2.6 0.000
107.208333 107.250000   92.0  2.7 0.000
107.250000 107.291667   96.1  2.7 0.000
107.291667 107.333333   92.8  2.7 0.000
107.333333 107.375000   94.1  2.7 0.000
107.375000 107.416667   87.1  2.6 0.000
107.416667 107.458333   85.2  2.6 0.000
107.458333 107.500000   80.4  2.6 0.000
107.500000 107.541667   78.9  2.6 0.000
107.541667 107.583333   73.9  2.6 0.000
107.583333 107.625000   64.7  2.6 0.000
107.625000 107.666667   57.9  2.6 0.000
107.666667 107.708333   57.3  2.6 0.000
107.708333 107.750000   60.1  2.6 0.000
107.750000 107.791667   68.9  2.6 0.000
107.791667 107.833333   58.3  2.6 0.000
107.833333 107.875000   57.2  2.6 0.000
107.875000 107.916667   53.7  2.6 0.000
107.916667 107.958333   56.7  2.6 0.000
107.958333 108.000000   57.1  2.6 0.000
108.000000 108.041667   60.7  2.6 0.000
108.041667 108.083333   58.0  2.6 0.000
108.083333 108.125000   64.0  2.6 0.000
108.125000 108.166667   59.4  2.6 0.000
108.166667 108.208333   56.8  2.6 0.000
108.208333 108.250000   58.5  2.6 0.000
108.250000 108.291667   59.7  2.6 0.000
108.291667 108.333333   55.4  2.6 0.000
108.333333 108.375000   55.8  2.6 0.000
108.375000 108.416667   53.6  2.6 0.000
108.416667 108.458333   53.3  2.6 0.000
108.458333 108.500000   53.4  2.6 0.000
108.500000 108.541667   51.9  2.5 0.000
108.541667 108.583333   50.8  2.5 0.000
108.583333 108.625000   47.0  2.5 0.000
108.625000 108.666667   42.7  2.5 0.000
108.666667 108.708333   39.1  2.5 0.000
108.708333 108.750000   42.4  2.5 0.000
108.750000 108.791667   43.3  2.5 0.000
108.791667 108.833333   38.0  2.5 0.000
108.833333 108.875000   37.1  2.5 0.000
108.875000 108.916667   38.8  2.5 0.000
108.916667 108.958333   42.9  2.5 0.000
108.958333 109.000000   46.0  2.5 0.000
109.000000 109.041667   48.8  2.5 0.000
109.041667 109.083333   51.1  2.5 0.000
109.083333 109.125000   55.4  2.6 0.000
109.125000 109.166667   63.4  2.6 0.000
109.166667 109.208333   61.3  2.6 0.000
109.208333 109.250000   58.4  2.6 0.000
109.250000 109.291667   47.4  2.5 0.000
109.291667 109.333333   43.0  2.5 0.000
109.333333 109.375000   46.3  2.5 0.000
109.375000 109.416667   50.2  2.5 0.000
109.416667 109.458333   48.4  2.5 0.000
109.458333 109.500000   52.7  2.6 0.000
109.500000 109.541667   51.5  2.5 0.000
109.541667 109.583333   46.0  2.5 0.000
109.583333 109.625000   40.0  2.5 0.000
109.625000 109.666667   36.7  2.5 0.000
109.666667 109.708333   43.6  2.5 0.000
109.708333 109.750000   49.3  2.5 0.000
109.750000 109.791667   51.9  2.5 0.000
109.791667 109.833333   49.8  2.5 0.000
109.833333 109.875000   40.9  2.5 0.000
109.875000 109.916667   37.4  2.5 0.000
109.916667 109.958333   35.0  2.5 0.000
109.958333 110.000000   33.7  2.5 0.000
110.000000 110.041667   32.0  2.5 0.000
110.041667 110.083333   39.3  2.5 0.000
110.083333 110.125000   47.0  2.5 0.000
110.125000 110.166667   55.0  2.6 0.000
110.166667 110.208333   54.8  2.6 0.000
110.208333 110.250000   58.1  2.6 0.000
110.250000 110.291667   56.1  2.6 0.000
110.291667 110.333333   56.1  2.6 0.000
110.333333 110.375000   58.4  2.6 0.000
110.375000 110.416667   53.7  2.6 0.000
110.416667 110.458333   50.9  2.5 0.000
110.458333 110.500000   46.0  2.5 0.000
110.500000 110.541667   45.8  2.5 0.000
110.541667 110.583333   44.1  2.5 0.000
110.583333 110.625000   42.1  2.5 0.000
110.625000 110.666667   41.5  2.5 0.000
110.666667 110.708333   37.6  2.5 0.000
110.708333 110.750000   43.1  2.5 0.000
110.750000 110.791667   36.4  2.5 0.000
110.791667 110.833333   32.2  2.5 0.000
110.833333 110.875000   35.2  2.5 0.000
110.875000 110.916667   37.7  2.5 0.000
110.916667 110.958333   28.0  2.5 0.000
110.958333 111.000000   30.9  2.5 0.000
111.000000 111.041667   33.5  2.5 0.000
111.041667 111.083333   34.4  2.5 0.000
111.083333 111.125000   33.0  2.5 0.000
111.125000 111.166667   32.3  2.5 0.000
111.166667 111.208333   34.0  2.5 0.000
111.208333 111.250000   34.1  2.5 0.000
111.250000 111.291667   34.1  2.5 0.000
111.291667 111.333333   35.6  2.5 0.000
111.333333 111.375000   35.6  2.5 0.000
111.375000 111.416667   37.0  2.5 0.000
111.416667 111.458333   36.0  2.5 0.000
111.458333 111.500000   34.6  2.5 0.000
111.500000 111.541667   33.0  2.5 0.000
111.541667 111.583333   32.2  2.5 0.000
111.583333 111.625000   32.9  2.5 0.000
111.625000 111.666667   31.3  2.5 0.000
111.666667 111.708333   37.0  2.5 0.000
111.708333 111.750000   36.7  2.5 0.000
111.750000 111.791667   38.8  2.5 0.000
111.791667 111.833333   41.6  2.5 0.000
111.833333 111.875000   47.4  2.5 0.000
111.875000 111.916667   39.2  2.5 0.000
111.916667 111.958333   37.8  2.5 0.000
111.958333 112.000000   36.8  2.5 0.000
112.000000 112.041667   35.9  2.5 0.000
112.041667 112.083333   42.9  2.5 0.000
112.083333 112.125000   47.9  2.5 0.000
112.125000 112.166667   42.6  2.5 0.000
112.166667 112.208333   40.5  2.5 0.000
112.208333 112.250000   31.6  2.5 0.000
112.250000 112.291667   32.1  2.5 0.000
112.291667 112.333333   32.5  2.5 0.000
112.333333 112.375000   30.4  2.5 0.000
112.375000 112.416667   31.1  2.5 0.000
112.416667 112.458333   31.9  2.5 0.000
112.458333 112.500000   33.5  2.5 0.000
112.500000 112.541667   32.4  2.5 0.000
112.541667 112.583333   36.8  2.5 0.000
112.583333 112.625000   32.7  2.5 0.000
112.625000 112.666667   31.4  2.5 0.000
112.666667 112.708333   33.1  2.5 0.000
112.708333 112.750000   35.6  2.5 0.000
112.750000 112.791667   32.3  2.5 0.000
112.791667 112.833333   35.9  2.5 0.000
112.833333 112.875000   37.2  2.5 0.000
112.875000 112.916667   35.1  2.5 0.000
112.916667 112.958333   36.5  2.5 0.000
112.958333 113.000000   32.7  2.5 0.000
113.000000 113.041667   34.1  2.5 0.000
113.041667 113.083333   35.3  2.5 0.000
113.083333 113.125000   36.7  2.5 0.000
113.125000 113.166667   37.4  2.5 0.000
113.166667 113.208333   39.4  2.5 0.000
113.208333 113.250000   46.0  2.5 0.000
113.250000 113.291667   37.4  2.5 0.000
113.291667 113.333333   33.0  2.5 0.000
113.333333 113.375000   32.6  2.5 0.000
113.375000 113.416667   31.7  2.5 0.000
113.416667 113.458333   33.4  2.5 0.000
113.458333 113.500000   35.7  2.5 0.000
113.500000 113.541667   32.3  2.5 0.000
113.541667 113.583333   30.3  2.5 0.000
113.583333 113.625000   28.2  2.5 0.000
113.625000 113.666667   25.9  2.5 0.000
113.666667 113.708333   26.9  2.5 0.000
113.708333 113.750000   20.5  2.5 0.000
113.750000 113.791667   22.4  2.5 0.000
113.791667 113.833333   29.7  2.5 0.000
113.833333 113.875000   27.7  2.5 0.000
113.875000 113.916667   26.4  2.5 0.000
113.916667 113.958333   25.8  2.5 0.000
113.958333 114.000000   27.1  2.5 0.000
114.000000 114.041667   24.8  2.5 0.000
114.041667 114.083333   23.2  2.5 0.000
114.083333 114.125000   23.3  2.5 0.000
114.125000 114.166667   22.6  2.5 0.000
114.166667 114.208333   29.4  2.5 0.000
114.208333 114.250000   27.3  2.5 0.000
114.250000 114.291667   29.4  2.5 0.000
114.291667 114.333333   26.0  2.5 0.000
114.333333 114.375000   26.7  2.5 0.000
114.375000 114.416667   26.1  2.5 0.000
114.416667 114.458333   30.8  2.5 0.000
114.458333 114.500000   34.4  2.5 0.000
114.500000 114.541667   31.5  2.5 0.000
114.541667 114.583333   33.8  2.8 0.000
114.583333 114.625000 9999.9 99.9 0.999
114.625000 114.666667 9999.9 99.9 0.999
114.666667 114.708333 9999.9 99.9 0.999
114.708333 114.750000 9999.9 99.9 0.999
114.750000 114.791667 9999.9 99.9 0.999
114.791667 114.833333 9999.9 99.9 0.999
114.833333 114.875000 9999.9 99.9 0.999
114.875000 114.916667 9999.9 99.9 0.999
114.916667 114.958333 9999.9 99.9 0.999
114.958333 115.000000 9999.9 99.9 0.999
115.000000 115.041667 9999.9 99.9 0.999
115.041667 115.083333 9999.9 99.9 0.999
115.083333 115.125000 9999.9 99.9 0.999
115.125000 115.166667 9999.9 99.9 0.999
115.166667 115.208333 9999.9 99.9 0.999
115.208333 115.250000 9999.9 99.9 0.999
115.250000 115.291667 9999.9 99.9 0.999
115.291667 115.333333 9999.9 99.9 0.999
115.333333 115.375000 9999.9 99.9 0.999
115.375000 115.416667 9999.9 99.9 0.999
115.416667 115.458333 9999.9 99.9 0.999
115.458333 115.500000 9999.9 99.9 0.999
115.500000 115.541667 9999.9 99.9 0.999
115.541667 115.583333 9999.9 99.9 0.999
115.583333 115.625000 9999.9 99.9 0.999
115.625000 115.666667 9999.9 99.9 0.999
115.666667 115.708333 9999.9 99.9 0.999
115.708333 115.750000 9999.9 99.9 0.999
115.750000 115.791667 9999.9 99.9 0.999
115.791667 115.833333 9999.9 99.9 0.999
115.833333 115.875000 9999.9 99.9 0.999
115.875000 115.916667 9999.9 99.9 0.999
115.916667 115.958333 9999.9 99.9 0.999
115.958333 116.000000 9999.9 99.9 0.999
116.000000 116.041667 9999.9 99.9 0.999
116.041667 116.083333 9999.9 99.9 0.999
116.083333 116.125000 9999.9 99.9 0.999
116.125000 116.166667 9999.9 99.9 0.999
116.166667 116.208333 9999.9 99.9 0.999
116.208333 116.250000 9999.9 99.9 0.999
116.250000 116.291667 9999.9 99.9 0.999
116.291667 116.333333 9999.9 99.9 0.999
116.333333 116.375000 9999.9 99.9 0.999
116.375000 116.416667 9999.9 99.9 0.999
116.416667 116.458333 9999.9 99.9 0.999
116.458333 116.500000 9999.9 99.9 0.999
116.500000 116.541667 9999.9 99.9 0.999
116.541667 116.583333 9999.9 99.9 0.999
116.583333 116.625000 9999.9 99.9 0.999
116.625000 116.666667 9999.9 99.9 0.999
