data/ebas/o3_legacy/KE0001G.20060101000000.20100322000000.uv_abs.ozone.air.5mo.1h.CH01L_uv_abs_MKN.CH01L_uv_abs..nas
57 1001
Henne, Stefan; Aseyo, John; Thiong'o, Kennedy
CH01L, Swiss Federal Laboratories for Materials Science and Technology, EMPA, Section Air Pollution, Überlandstrasse 133, , 8600, Dübendorf, Switzerland
Henne, Stefan; Klausen, Joerg
GAW-WDCRG sel_HTAP
1 1
2006 01 01 2010 03 22
0.041667
days from file reference point
4
1 1 1 1
999.999999 9999.9 99.9 9.999
end_time of measurement, days from the file reference point
ozone, ug/m3, Statistics=arithmetic mean
ozone, ug/m3, Statistics=stddev
numflag, no unit
0
39
Data definition:              EBAS_1.1
Set type code:                TU
Timezone:                     UTC
File name:                    KE0001G.20060101000000.20100322000000.uv_abs.ozone.air.5mo.1h.CH01L_uv_abs_MKN.CH01L_uv_abs..nas
File creation:                20220610064453030000
Export state:                 20220610064431313000
Export filter:                exclude-900,exclude-invalid
Startdate:                    20060101000000
Revision date:                20100322000000
Data level:                   
Period code:                  5mo
Resolution code:              1h
Station code:                 KE0001G
Platform code:                KE0001S
Station name:                 Mt. Kenya
Station WDCA-ID:              GAWAKE__MKN
Station GAW-ID:               MKN
Station GAW-Name:             Mt. Kenya
Station land use:             Grassland
Station setting:              Mountain
Station GAW type:             G
Station WMO region:           1
Station latitude:             -0.0622
Station longitude:            37.2972
Station altitude:             3678.0 m
Regime:                       IMG
Component:                    ozone
Unit:                         ug/m3
Matrix:                       air
Laboratory code:              CH01L
Instrument type:              uv_abs
Instrument name:              uv_abs_MKN
Method ref:                   CH01L_uv_abs
Originator:                   Henne, Stefan, , , , , , , , , 
Originator:                   Aseyo, John, , , , , , , , , 
Originator:                   Thiong'o, Kennedy, , , , , , , , , 
Submitter:                    Henne, Stefan, , , , , , , , , 
Submitter:                    Klausen, Joerg, , , , , , , , , 
starttime endtime O3 O3 flag
[from data line 1201]
 50.041667  50.083333   13.2  2.5 0.000
 50.083333  50.125000   15.3  2.5 0.000
 50.125000  50.166667   14.6  2.5 0.000
 50.166667  50.208333   16.0  2.5 0.000
 50.208333  50.250000   16.6  2.5 0.000
 50.250000  50.291667   18.4  2.5 0.000
 50.291667  50.333333   28.8  2.5 0.000
 50.333333  50.375000   35.1  2.5 0.000
 50.375000  50.416667   26.5  2.5 0.000
 50.416667  50.458333   31.3  2.5 0.000
 50.458333  50.500000   35.3  2.5 0.000
 50.500000  50.541667   37.4  2.5 0.000
 50.541667  50.583333   36.3  2.5 0.000
 50.583333  50.625000   29.3  2.5 0.000
 50.625000  50.666667   24.6  2.5 0.000
 50.666667  50.708333   28.2  2.5 0.000
 50.708333  50.750000   27.4  2.5 0.000
 50.750000  50.791667   38.4  2.5 0.000
 50.791667  50.833333   38.2  2.5 0.000
 50.833333  50.875000   34.3  2.5 0.000
 50.875000  50.916667   31.2  2.5 0.000
 50.916667  50.958333   29.5  2.5 0.000
 50.958333  51.000000   28.1  2.5 0.000
 51.000000  51.041667   24.7  2.5 0.000
 51.041667  51.083333   25.1  2.5 0.000
 51.083333  51.125000   27.7  2.5 0.000
 51.125000  51.166667   30.1  2.5 0.000
 51.166667  51.208333   30.3  2.5 0.000
 51.208333  51.250000   28.9  2.5 0.000
 51.250000  51.291667   34.7  2.5 0.000
 51.291667  51.333333   39.4  2.5 0.000
 51.333333  51.375000   43.7  2.5 0.000
 51.375000  51.416667   39.6  2.5 0.000
 51.416667  51.458333   37.2  2.5 0.000
 51.458333  51.500000   38.1  2.5 0.000
 51.500000  51.541667   36.4  2.5 0.000
 51.541667  51.583333   35.6  2.5 0.000
 51.583333  51.625000   42.1  2.5 0.000
 51.625000  51.666667   45.5  2.5 0.000
 51.666667  51.708333   48.6  2.5 0.000
 51.708333  51.750000   50.3  2.5 0.000
 51.750000  51.791667   50.5  2.5 0.000
 51.791667  51.833333   47.7  2.5 0.000
 51.833333  51.875000   28.2  2.5 0.000
 51.875000  51.916667   30.7  2.5 0.000
 51.916667  51.958333   40.0  2.5 0.000
 51.958333  52.000000   36.9  2.5 0.000
 52.000000  52.041667   24.3  2.5 0.000
 52.041667  52.083333   24.2  2.5 0.000
 52.083333  52.125000   25.4  2.5 0.000
 52.125000  52.166667   25.8  2.5 0.000
 52.166667  52.208333   26.0  2.5 0.000
 52.208333  52.250000   31.7  2.5 0.000
 52.250000  52.291667   38.9  2.5 0.000
 52.291667  52.333333   47.0  2.5 0.000
 52.333333  52.375000   48.9  2.5 0.000
 52.375000  52.416667   41.2  2.5 0.000
 52.416667  52.458333   38.8  2.5 0.000
 52.458333  52.500000   38.5  2.5 0.000
 52.500000  52.541667   33.3  2.5 0.000
 52.541667  52.583333   31.4  2.5 0.000
 52.583333  52.625000   30.7  2.5 0.000
 52.625000  52.666667   28.2  2.5 0.000
 52.666667  52.708333   27.2  2.5 0.000
 52.708333  52.750000   36.6  2.5 0.000
 52.750000  52.791667   42.6  2.5 0.000
 52.791667  52.833333   38.1  2.5 0.000
 52.833333  52.875000   37.6  2.5 0.000
 52.875000  52.916667   42.8  2.5 0.000
 52.916667  52.958333   49.8  2.5 0.000
 52.958333  53.000000   49.7  2.5 0.000
 53.000000  53.041667   41.4  2.5 0.000
 53.041667  53.083333   44.2  2.5 0.000
 53.083333  53.125000   53.3  2.6 0.000
 53.125000  53.166667   41.5  2.5 0.000
 53.166667  53.208333   34.2  2.5 0.000
 53.208333  53.250000   36.8  2.5 0.000
 53.250000  53.291667   40.6  2.5 0.000
 53.291667  53.333333   37.1  2.5 0.000
 53.333333  53.375000   41.5  2.5 0.000
 53.375000  53.416667   44.7  2.5 0.000
 53.416667  53.458333   44.7  2.5 0.000
 53.458333  53.500000   45.0  2.5 0.000
 53.500000  53.541667   44.6  2.5 0.000
 53.541667  53.583333   46.9  2.5 0.000
 53.583333  53.625000   42.3  2.5 0.000
 53.625000  53.666667   40.5  2.5 0.000
 53.666667  53.708333   43.7  2.5 0.000
 53.708333  53.750000   39.9  2.5 0.000
 53.750000  53.791667   39.0  2.5 0.000
 53.791667  53.833333   43.9  2.5 0.000
 53.833333  53.875000   47.1  2.5 0.000
 53.875000  53.916667   49.7  2.5 0.000
 53.916667  53.958333   46.3  2.5 0.000
 53.958333  54.000000   48.3  2.5 0.000
 54.000000  54.041667   49.7  2.5 0.000
 54.041667  54.083333   51.1  2.5 0.000
 54.083333  54.125000   48.9  2.5 0.000
 54.125000  54.166667   49.3  2.5 0.000
 54.166667  54.208333   45.0  2.5 0.000
 54.208333  54.250000   51.1  2.5 0.000
 54.250000  54.291667   55.7  2.6 0.000
 54.291667  54.333333   54.6  2.6 0.000
 54.333333  54.375000   52.5  2.6 0.000
 54.375000  54.416667   48.4  2.5 0.000
 54.416667  54.458333   45.8  2.5 0.000
 54.458333  54.500000   45.7  2.5 0.000
 54.500000  54.541667   46.8  2.5 0.000
 54.541667  54.583333   49.2  2.5 0.000
 54.583333  54.625000   44.2  2.5 0.000
 54.625000  54.666667   44.6  2.5 0.000
 54.666667  54.708333   38.9  2.5 0.000
 54.708333  54.750000   39.5  2.5 0.000
 54.750000  54.791667   42.9  2.5 0.000
 54.791667  54.833333   44.2  2.5 0.000
 54.833333  54.875000   43.9  2.5 0.000
 54.875000  54.916667   44.7  2.5 0.000
 54.916667  54.958333   44.4  2.5 0.000
 54.958333  55.000000   43.1  2.5 0.000
 55.000000  55.041667   42.0  2.5 0.000
 55.041667  55.083333   41.5  2.5 0.000
 55.083333  55.125000   46.2  2.5 0.000
 55.125000  55.166667   52.5  2.6 0.000
 55.166667  55.208333   55.0  2.6 0.000
 55.208333  55.250000   58.3  2.6 0.000
 55.250000  55.291667   55.9  2.6 0.000
 55.291667  55.333333   47.0  2.5 0.000
 55.333333  55.375000   35.7  2.5 0.000
 55.375000  55.416667   44.2  2.5 0.000
 55.416667  55.458333   44.6  2.5 0.000
 55.458333  55.500000   41.9  2.5 0.000
 55.500000  55.541667   39.9  2.5 0.000
 55.541667  55.583333   40.2  2.5 0.000
 55.583333  55.625000   43.5  2.5 0.000
 55.625000  55.666667   43.6  2.5 0.000
 55.666667  55.708333   41.8  2.5 0.000
 55.708333  55.750000   40.4  2.5 0.000
 55.750000  55.791667   37.5  2.5 0.000
 55.791667  55.833333   37.6  2.5 0.000
 55.833333  55.875000   40.5  2.5 0.000
 55.875000  55.916667   39.6  2.5 0.000
 55.916667  55.958333   39.3  2.5 0.000
 55.958333  56.000000   40.9  2.5 0.000
 56.000000  56.041667   37.7  2.5 0.000
 56.041667  56.083333   39.9  2.5 0.000
 56.083333  56.125000   41.8  2.5 0.000
 56.125000  56.166667   44.7  2.5 0.000
 56.166667  56.208333   41.5  2.5 0.000
 56.208333  56.250000   42.1  2.5 0.000
 56.250000  56.291667   38.5  2.5 0.000
 56.291667  56.333333   34.0  2.5 0.000
 56.333333  56.375000   35.8  2.5 0.000
 56.375000  56.416667   40.7  2.5 0.000
 56.416667  56.458333   41.5  2.5 0.000
 56.458333  56.500000   39.8  2.5 0.000
 56.500000  56.541667   39.6  2.5 0.000
 56.541667  56.583333   38.4  2.5 0.000
 56.583333  56.625000   37.1  2.5 0.000
 56.625000  56.666667   34.3  2.5 0.000
 56.666667  56.708333   35.5  2.5 0.000
 56.708333  56.750000   38.3  2.5 0.000
 56.750000  56.791667   44.1  2.5 0.000
 56.791667  56.833333   47.1  2.5 0.000
 56.833333  56.875000   46.4  2.5 0.000
 56.875000  56.916667   48.0  2.5 0.000
 56.916667  56.958333   47.5  2.5 0.000
 56.958333  57.000000   48.0  2.5 0.000
 57.000000  57.041667   46.1  2.5 0.000
 57.041667  57.083333   46.9  2.5 0.000
 57.083333  57.125000   47.0  2.5 0.000
 57.125000  57.166667   47.8  2.5 0.000
 57.166667  57.208333   46.6  2.5 0.000
 57.208333  57.250000   50.8  2.5 0.000
 57.250000  57.291667   44.4  2.5 0.000
 57.291667  57.333333   50.6  2.5 0.000
 57.333333  57.375000   41.9  2.5 0.000
 57.375000  57.416667   52.2  2.5 0.000
 57.416667  57.458333   47.9  2.5 0.000
 57.458333  57.500000   55.1  2.6 0.000
 57.500000  57.541667   60.3  2.6 0.000
 57.541667  57.583333   64.6  2.6 0.000
 57.583333  57.625000   68.4  2.6 0.000
 57.625000  57.666667   65.2  2.6 0.000
 57.666667  57.708333   64.8  2.6 0.000
 57.708333  57.750000   66.3  2.6 0.000
 57.750000  57.791667   65.9  2.6 0.000
 57.791667  57.833333   67.6  2.6 0.000
 57.833333  57.875000   69.6  2.6 0.000
 57.875000  57.916667   72.6  2.6 0.000
 57.916667  57.958333   69.6  2.6 0.000
 57.958333  58.000000   70.8  2.6 0.000
 58.000000  58.041667   74.6  2.6 0.000
 58.041667  58.083333   77.8  2.6 0.000
 58.083333  58.125000   75.4  2.6 0.000
 58.125000  58.166667   72.7  2.6 0.000
 58.166667  58.208333   76.2  2.6 0.000
 58.208333  58.250000   79.0  2.6 0.000
 58.250000  58.291667   82.2  2.6 0.000
 58.291667  58.333333   84.1  2.6 0.000
 58.333333  58.375000   72.6  2.6 0.000
 58.375000  58.416667   75.1  2.6 0.000
 58.416667  58.458333   73.7  2.6 0.000
 58.458333  58.500000   71.7  2.6 0.000
 58.500000  58.541667   71.6  2.6 0.000
 58.541667  58.583333   76.0  2.6 0.000
 58.583333  58.625000   69.9  2.6 0.000
 58.625000  58.666667   60.8  2.6 0.000
 58.666667  58.708333   62.9  2.6 0.000
 58.708333  58.750000   67.9  2.6 0.000
 58.750000  58.791667   69.4  2.6 0.000
 58.791667  58.833333   67.2  2.6 0.000
 58.833333  58.875000   61.3  2.6 0.000
 58.875000  58.916667   63.7  2.6 0.000
 58.916667  58.958333   67.6  2.6 0.000
 58.958333  59.000000   72.1  2.6 0.000
 59.000000  59.041667   76.4  2.6 0.000
 59.041667  59.083333   79.3  2.6 0.000
 59.083333  59.125000   85.8  2.6 0.000
 59.125000  59.166667   84.4  2.6 0.000
 59.166667  59.208333   82.9  2.6 0.000
 59.208333  59.250000   80.5  2.6 0.000
 59.250000  59.291667   83.3  2.6 0.000
 59.291667  59.333333   80.4  2.6 0.000
 59.333333  59.375000   76.7  2.6 0.000
 59.375000  59.416667   73.6  2.6 0.000
 59.416667  59.458333   71.6  2.6 0.000
 59.458333  59.500000   69.4  2.6 0.000
 59.500000  59.541667   62.5  2.6 0.000
 59.541667  59.583333   62.9  2.6 0.000
 59.583333  59.625000   61.9  2.6 0.000
 59.625000  59.666667   58.1  2.6 0.000
 59.666667  59.708333   58.5  2.6 0.000
 59.708333  59.750000   60.8  2.6 0.000
 59.750000  59.791667   68.2  2.6 0.000
 59.791667  59.833333   69.1  2.6 0.000
 59.833333  59.875000   68.8  2.6 0.000
 59.875000  59.916667   67.6  2.6 0.000
 59.916667  59.958333   71.7  2.6 0.000
 59.958333  60.000000   71.2  2.6 0.000
 60.000000  60.041667   68.8  2.6 0.000
 60.041667  60.083333   72.8  2.6 0.000
 60.083333  60.125000   74.0  2.6 0.000
 60.125000  60.166667   76.6  2.6 0.000
 60.166667  60.208333   79.7  2.6 0.000
 60.208333  60.250000   76.9  2.6 0.000
 60.250000  60.291667   75.0  2.6 0.000
 60.291667  60.333333   78.3  2.6 0.000
 60.333333  60.375000   74.7  2.6 0.000
 60.375000  60.416667   63.6  2.6 0.000
 60.416667  60.458333   66.9  2.6 0.000
 60.458333  60.500000   69.1  2.8 0.000
 60.500000  60.541667   70.2  2.6 0.000
 60.541667  60.583333   70.1  2.6 0.000
 60.583333  60.625000   69.7  2.6 0.000
 60.625000  60.666667   69.1  2.6 0.000
 60.666667  60.708333   70.5  2.6 0.000
 60.708333  60.750000   69.9  2.6 0.000
 60.750000  60.791667   70.2  2.6 0.000
 60.791667  60.833333   68.8  2.6 0.000
 60.833333  60.875000   71.7  2.6 0.000
 60.875000  60.916667   70.9  2.6 0.000
 60.916667  60.958333   75.2  2.6 0.000
 60.958333  61.000000   84.4  2.6 0.000
 61.000000  61.041667   78.2  2.6 0.000
 61.041667  61.083333   70.4  2.6 0.000
 61.083333  61.125000   71.2  2.6 0.000
 61.125000  61.166667   61.9  2.6 0.000
 61.166667  61.208333   69.4  2.6 0.000
 61.208333  61.250000   71.9  2.6 0.000
 61.250000  61.291667   69.3  2.6 0.000
 61.291667  61.333333   65.4  2.6 0.000
 61.333333  61.375000   59.2  2.6 0.000
 61.375000  61.416667   58.4  2.6 0.000
 61.416667  61.458333   55.1  2.6 0.000
 61.458333  61.500000   56.4  2.6 0.000
 61.500000  61.541667   59.5  2.6 0.000
 61.541667  61.583333   62.6  2.6 0.000
 61.583333  61.625000   62.9  2.6 0.000
 61.625000  61.666667   57.0  2.6 0.000
 61.666667  61.708333   51.3  2.5 0.000
 61.708333  61.750000   50.3  2.5 0.000
 61.750000  61.791667   49.3  2.5 0.000
 61.791667  61.833333   49.1  2.5 0.000
 61.833333  61.875000   51.2  2.5 0.000
 61.875000  61.916667   56.2  2.6 0.000
 61.916667  61.958333   54.4  2.6 0.000
 61.958333  62.000000   51.9  2.5 0.000
 62.000000  62.041667   48.4  2.5 0.000
 62.041667  62.083333   46.7  2.5 0.000
 62.083333  62.125000   49.0  2.5 0.000
 62.125000  62.166667   50.8  2.5 0.000
 62.166667  62.208333   54.7  2.6 0.000
 62.208333  62.250000   54.9  2.6 0.000
 62.250000  62.291667   48.8  2.5 0.000
 62.291667  62.333333   55.5  2.6 0.000
 62.333333  62.375000   45.2  2.5 0.000
 62.375000  62.416667   40.6  2.5 0.000
 62.416667  62.458333   49.9  2.5 0.000
 62.458333  62.500000   49.6  2.5 0.000
 62.500000  62.541667   49.5  2.5 0.000
 62.541667  62.583333   55.1  2.6 0.000
 62.583333  62.625000   54.1  2.6 0.000
 62.625000  62.666667   49.6  2.5 0.000
 62.666667  62.708333   56.9  2.6 0.000
 62.708333  62.750000   61.4  2.6 0.000
 62.750000  62.791667   56.7  2.6 0.000
 62.791667  62.833333   58.8  2.6 0.000
 62.833333  62.875000   56.9  2.6 0.000
 62.875000  62.916667   49.6  2.5 0.000
 62.916667  62.958333   49.7  2.5 0.000
 62.958333  63.000000   51.0  2.5 0.000
 63.000000  63.041667   47.8  2.5 0.000
 63.041667  63.083333   49.8  2.5 0.000
 63.083333  63.125000   48.8  2.5 0.000
 63.125000  63.166667   51.7  2.5 0.000
 63.166667  63.208333   63.9  2.6 0.000
 63.208333  63.250000   70.9  2.6 0.000
 63.250000  63.291667   70.6  2.6 0.000
 63.291667  63.333333   71.8  2.6 0.000
 63.333333  63.375000   74.7  2.6 0.000
 63.375000  63.416667   73.2  2.6 0.000
 63.416667  63.458333   72.4  2.6 0.000
 63.458333  63.500000   72.8  2.6 0.000
 63.500000  63.541667   70.7  2.6 0.000
 63.541667  63.583333   66.5  2.6 0.000
 63.583333  63.625000   61.1  2.6 0.000
 63.625000  63.666667   61.6  2.6 0.000
 63.666667  63.708333   64.5  2.6 0.000
 63.708333  63.750000   61.5  2.6 0.000
 63.750000  63.791667   55.6  2.6 0.000
 63.791667  63.833333   56.3  2.6 0.000
 63.833333  63.875000   55.4  2.6 0.000
 63.875000  63.916667   53.0  2.6 0.000
 63.916667  63.958333   53.5  2.6 0.000
 63.958333  64.000000   63.2  2.6 0.000
 64.000000  64.041667   62.8  2.6 0.000
 64.041667  64.083333   61.3  2.6 0.000
 64.083333  64.125000   64.4  2.6 0.000
 64.125000  64.166667   59.1  2.6 0.000
 64.166667  64.208333   56.2  2.6 0.000
 64.208333  64.250000   61.8  2.6 0.000
 64.250000  64.291667   65.6  2.6 0.000
 64.291667  64.333333   68.4  2.6 0.000
 64.333333  64.375000   67.8  2.6 0.000
 64.375000  64.416667   61.8  2.6 0.000
 64.416667  64.458333   59.5  2.6 0.000
 64.458333  64.500000   56.7  2.6 0.000
 64.500000  64.541667   54.4  2.6 0.000
 64.541667  64.583333   53.9  2.6 0.000
 64.583333  64.625000   51.5  2.5 0.000
 64.625000  64.666667   58.6  2.6 0.000
 64.666667  64.708333   65.7  2.6 0.000
 64.708333  64.750000   68.6  2.6 0.000
 64.750000  64.791667   61.9  2.6 0.000
 64.791667  64.833333   62.6  2.6 0.000
 64.833333  64.875000   67.0  2.6 0.000
 64.875000  64.916667   57.8  2.6 0.000
 64.916667  64.958333   58.1  2.6 0.000
 64.958333  65.000000   67.8  2.6 0.000
 65.000000  65.041667   72.2  2.6 0.000
 65.041667  65.083333   69.6  2.6 0.000
 65.083333  65.125000   70.0  2.6 0.000
 65.125000  65.166667   77.8  2.6 0.000
 65.166667  65.208333   68.2  2.6 0.000
 65.208333  65.250000   72.7  2.6 0.000
 65.250000  65.291667   68.5  2.6 0.000
 65.291667  65.333333   63.2  2.6 0.000
 65.333333  65.375000   55.1  2.6 0.000
 65.375000  65.416667   55.3  2.6 0.000
 65.416667  65.458333   52.5  2.6 0.000
 65.458333  65.500000   56.6  2.6 0.000
 65.500000  65.541667   55.0  2.6 0.000
 65.541667  65.583333   54.8  2.6 0.000
 65.583333  65.625000   54.1  2.6 0.000
 65.625000  65.666667   52.4  2.5 0.000
 65.666667  65.708333   63.4  2.6 0.000
 65.708333  65.750000   61.5  2.6 0.000
 65.750000  65.791667   61.3  2.6 0.000
 65.791667  65.833333   61.3  2.6 0.000
 65.833333  65.875000   74.0  2.6 0.000
 65.875000  65.916667   80.4  2.6 0.000
 65.916667  65.958333   76.8  2.6 0.000
 65.958333  66.000000   72.9  2.6 0.000
 66.000000  66.041667   72.9  2.6 0.000
 66.041667  66.083333   74.4  2.6 0.000
 66.083333  66.125000   76.1  2.6 0.000
 66.125000  66.166667   80.5  2.6 0.000
 66.166667  66.208333   71.8  2.6 0.000
 66.208333  66.250000   66.5  2.6 0.000
 66.250000  66.291667   65.9  2.6 0.000
 66.291667  66.333333   58.0  2.6 0.000
 66.333333  66.375000   48.5  2.5 0.000
 66.375000  66.416667   51.0  2.5 0.000
 66.416667  66.458333   53.2  2.6 0.000
 66.458333  66.500000   51.5  2.6 0.000
 66.500000  66.541667   50.2  2.6 0.000
 66.541667  66.583333   50.1  2.8 0.000
 66.583333  66.625000   49.9  2.5 0.000
 66.625000  66.666667   46.8  2.5 0.000
