data/ebas/o3/KE0001G.20180101000000.20201019094107.uv_abs.ozone.air.1y.1h.KE02L_TEI49C_no0330102716.KE02L_uv_abs.lev2.nas
74 1001
Oloo, Martin
KE02L, Kenya Meteorological Department, KMD, Mt. Kenya GAW Station, P.O. Box 192, , 10400, Nanyuki, Kenya
Steinbacher, Martin
GAW-WDCRG
1 1
2018 01 01 2020 10 19
0.041667
days from file reference point
6
1 1 1 1 1 1
999.999999 9999.999 999.99 999.999 99.99 9.999
end_time of measurement, days from the file reference point
ozone, ug/m3, Statistics=arithmetic mean, Volume std. temperature=293.15 K, Volume std. pressure=1013.25 hPa, Detection limit=1.995 ug/m3, Measurement uncertainty=1.995 ug/m3, Measurement uncertainty expl.=includes statistical uncertainty of individual sample and calibration uncertainty, QA1 bias=1.0 ug/m3, QA1 variability=2.0 ug/m3, "Comment=Data converted on import into EBAS from 'nmol/mol' to 'ug/m3' at 293.15 K, 1013.25 hPa, conversion factor 1.99534. Measurement uncertainty converted from '1.0 nmol/mol' to '1.995 ug/m3' at 293.15 K, 1013.25 hPa, conversion factor 1.99534."
ozone, nmol/mol, Statistics=arithmetic mean, Detection limit=1.0 nmol/mol, Measurement uncertainty=1.0 nmol/mol, Measurement uncertainty expl.=includes statistical uncertainty of individual sample and calibration uncertainty, QA1 bias=0.5 nmol/mol, QA1 variability=1.0 nmol/mol, "Comment=Data converted on import into EBAS from 'nmol/mol' to 'ug/m3' at 293.15 K, 1013.25 hPa, conversion factor 1.99534. Measurement uncertainty converted from '1.0 nmol/mol' to '1.995 ug/m3' at 293.15 K, 1013.25 hPa, conversion factor 1.99534. -- Data converted on export from EBAS from 'ug/m3' at 293.15 K, 1013.25 hPa to 'nmol/mol', conversion factor 0.5012. Measurement uncertainty converted from '1.995 ug/m3' at 293.15 K, 1013.25 hPa to '1.0 nmol/mol', conversion factor 0.5012. Detection limit converted from '1.995 ug/m3' at 293.15 K, 1013.25 hPa to '1.0 nmol/mol', conversion factor 0.5012. QA bias from '1.0 ug/m3' at 293.15 K, 1013.25 hPa to '0.5 nmol/mol', conversion factor 0.5012. QA variability from '2.0 ug/m3' at 293.15 K, 1013.25 hPa to '1.0 nmol/mol', conversion factor 0.5012."
ozone, ug/m3, Statistics=stddev, Volume std. temperature=293.15 K, Volume std. pressure=1013.25 hPa, Detection limit=1.995 ug/m3, QA1 bias=1.0 ug/m3, QA1 variability=2.0 ug/m3, "Comment=no comments -- Data converted on import into EBAS from 'nmol/mol' to 'ug/m3' at 293.15 K, 1013.25 hPa, conversion factor 1.99534. Detection limit converted from '1.0 nmol/mol' to '1.995 ug/m3' at 293.15 K, 1013.25 hPa, conversion factor 1.99534."
ozone, nmol/mol, Statistics=stddev, Detection limit=1.0 nmol/mol, QA1 bias=0.5 nmol/mol, QA1 variability=1.0 nmol/mol, "Comment=no comments -- Data converted on import into EBAS from 'nmol/mol' to 'ug/m3' at 293.15 K, 1013.25 hPa, conversion factor 1.99534. Detection limit converted from '1.0 nmol/mol' to '1.995 ug/m3' at 293.15 K, 1013.25 hPa, conversion factor 1.99534. -- Data converted on export from EBAS from 'ug/m3' at 293.15 K, 1013.25 hPa to 'nmol/mol', conversion factor 0.5012. Detection limit converted from '1.995 ug/m3' at 293.15 K, 1013.25 hPa to '1.0 nmol/mol', conversion factor 0.5012. QA bias from '1.0 ug/m3' at 293.15 K, 1013.25 hPa to '0.5 nmol/mol', conversion factor 0.5012. QA variability from '2.0 ug/m3' at 293.15 K, 1013.25 hPa to '1.0 nmol/mol', conversion factor 0.5012."
numflag, no unit
0
54
Data definition:              EBAS_1.1
[...]
Component:                    ozone
Matrix:                       air
Laboratory code:              KE02L
Instrument type:              uv_abs
Instrument name:              TEI49C_no0330102716
Instrument manufacturer:      Thermo
Instrument model:             49C
Instrument serial number:     0330102716
Method ref:                   KE02L_uv_abs
Standard method:              SOP=GAW_209(2013)
Inlet type:                   Hat or hood
Inlet description:            inlet approx. 1.7 m above the cabin and 4.5 m above the ground and is permanently flushed by a high volume pump; residence times is below 10 s; sample air is taken from the manifold through a 1.5 m, 4 mm diameter teflon tubing at a flow rate of 2 lpm.
Inlet tube material:          Teflon
Maintenance description:      inlet filter (47 mm teflon filter (5 micron)) changed every 2 months
Flow rate:                    2.0 l/min
Humidity/temperature control: None
Absorption cross section:     1.1476e-17 cm2
QA1 measure ID:               WCC Empa Site Audit
QA1 date:                     20191213
QA1 outcome:                  pass
Originator:                   Oloo, Martin, otienooloo60@gmail.com, Kenya Meteorological Department, KMD, Mt Kenya GAW Station, P. O. Box 30259, , 00100, Nairobi GPO, Kenya
Submitter:                    Steinbacher, Martin, martin.steinbacher@empa.ch, Swiss Federal Laboratories for Materials Science and Technology, Empa, Air Pollution/Environmental Technology, Ueberlandstrasse 129, , CH-8600, Duebendorf, Switzerland
Acknowledgement:              Request acknowledgement details from data originator
starttime endtime O3 O3 O3 O3 flag
[from data line 2483]
103.458333 103.500000   51.879  26.00   1.576  0.79 0.000
103.500000 103.541667   51.600  25.86   1.357  0.68 0.000
103.541667 103.583333   52.478  26.30   1.776  0.89 0.000
103.583333 103.625000   55.191  27.66   2.175  1.09 0.000
103.625000 103.666667   55.929  28.03   1.816  0.91 0.000
103.666667 103.708333   52.118  26.12   3.751  1.88 0.000
103.708333 103.750000   44.915  22.51   2.095  1.05 0.000
103.750000 103.791667   42.700  21.40   2.374  1.19 0.000
103.791667 103.833333   44.456  22.28   2.654  1.33 0.000
103.833333 103.875000   46.432  23.27   2.414  1.21 0.000
103.875000 103.916667   47.349  23.73   2.055  1.03 0.000
103.916667 103.958333   49.085  24.60   1.556  0.78 0.000
103.958333 104.000000   48.467  24.29   2.155  1.08 0.000
104.000000 104.041667   51.520  25.82   2.654  1.33 0.000
104.041667 104.083333   56.189  28.16   2.215  1.11 0.000
104.083333 104.125000   58.942  29.54   1.576  0.79 0.000
104.125000 104.166667   65.228  32.69   4.649  2.33 0.000
104.166667 104.208333   60.798  30.47   1.656  0.83 0.000
104.208333 104.250000   63.153  31.65   3.013  1.51 0.000
104.250000 104.291667   67.243  33.70   1.935  0.97 0.000
104.291667 104.333333   63.173  31.66   2.614  1.31 0.000
104.333333 104.375000   59.182  29.66   1.716  0.86 0.000
104.375000 104.416667   59.880  30.01   1.117  0.56 0.000
104.416667 104.458333   61.516  30.83   1.337  0.67 0.000
104.458333 104.500000   62.275  31.21   1.277  0.64 0.000
104.500000 104.541667   57.905  29.02   2.454  1.23 0.000
104.541667 104.583333   63.272  31.71   4.070  2.04 0.000
104.583333 104.625000   66.485  33.32   4.210  2.11 0.000
104.625000 104.666667   71.932  36.05   3.552  1.78 0.000
104.666667 104.708333   69.937  35.05   3.871  1.94 0.000
104.708333 104.750000   75.544  37.86   2.694  1.35 0.000
104.750000 104.791667   72.331  36.25   2.115  1.06 0.000
104.791667 104.833333   71.753  35.96   1.197  0.60 0.000
104.833333 104.875000   71.892  36.03   2.514  1.26 0.000
104.875000 104.916667   79.415  39.80   2.913  1.46 0.000
104.916667 104.958333   79.614  39.90   2.454  1.23 0.000
104.958333 105.000000   74.167  37.17   1.357  0.68 0.000
105.000000 105.041667   79.435  39.81   2.215  1.11 0.000
105.041667 105.083333   81.430  40.81   1.955  0.98 0.000
105.083333 105.125000   77.220  38.70   2.993  1.50 0.000
105.125000 105.166667   71.693  35.93   1.856  0.93 0.000
105.166667 105.208333   70.855  35.51   2.434  1.22 0.000
105.208333 105.250000   75.723  37.95   2.674  1.34 0.000
105.250000 105.291667   79.175  39.68   3.632  1.82 0.000
105.291667 105.333333   77.918  39.05   3.193  1.60 0.000
105.333333 105.375000   82.388  41.29   2.893  1.45 0.000
105.375000 105.416667   85.480  42.84   3.771  1.89 0.000
105.416667 105.458333   86.658  43.43   3.173  1.59 0.000
105.458333 105.500000   88.972  44.59   3.093  1.55 0.000
105.500000 105.541667   85.181  42.69   3.731  1.87 0.000
105.541667 105.583333   86.797  43.50   2.075  1.04 0.000
105.583333 105.625000   80.712  40.45   3.572  1.79 0.000
105.625000 105.666667   76.122  38.15   4.070  2.04 0.000
105.666667 105.708333   71.054  35.61   0.898  0.45 0.000
105.708333 105.750000   70.196  35.18   3.272  1.64 0.000
105.750000 105.791667   58.603  29.37   2.754  1.38 0.000
105.791667 105.833333   60.259  30.20   2.075  1.04 0.000
105.833333 105.875000   60.319  30.23   1.437  0.72 0.000
105.875000 105.916667   61.297  30.72   1.516  0.76 0.000
105.916667 105.958333 9999.999 999.99 999.999 99.99 0.999
105.958333 106.000000 9999.999 999.99 999.999 99.99 0.999
106.000000 106.041667 9999.999 999.99 999.999 99.99 0.999
106.041667 106.083333 9999.999 999.99 999.999 99.99 0.999
106.083333 106.125000 9999.999 999.99 999.999 99.99 0.999
106.125000 106.166667 9999.999 999.99 999.999 99.99 0.999
106.166667 106.208333 9999.999 999.99 999.999 99.99 0.999
106.208333 106.250000 9999.999 999.99 999.999 99.99 0.999
106.250000 106.291667 9999.999 999.99 999.999 99.99 0.999
106.291667 106.333333 9999.999 999.99 999.999 99.99 0.999
106.333333 106.375000 9999.999 999.99 999.999 99.99 0.999
106.375000 106.416667 9999.999 999.99 999.999 99.99 0.999
106.416667 106.458333 9999.999 999.99 999.999 99.99 0.999
106.458333 106.500000 9999.999 999.99 999.999 99.99 0.999
106.500000 106.541667 9999.999 999.99 999.999 99.99 0.999
106.541667 106.583333 9999.999 999.99 999.999 99.99 0.999
106.583333 106.625000 9999.999 999.99 999.999 99.99 0.999
106.625000 106.666667 9999.999 999.99 999.999 99.99 0.999
106.666667 106.708333   78.277  39.23   2.155  1.08 0.000
106.708333 106.750000   80.133  40.16   2.115  1.06 0.000
106.750000 106.791667   91.606  45.91   4.689  2.35 0.000
106.791667 106.833333   96.774  48.50   1.916  0.96 0.000
106.833333 106.875000   92.305  46.26   3.612  1.81 0.000
106.875000 106.916667   86.119  43.16   1.716  0.86 0.000
106.916667 106.958333   92.863  46.54   6.186  3.10 0.000
106.958333 107.000000   99.268  49.75   2.774  1.39 0.000
107.000000 107.041667   92.145  46.18   4.609  2.31 0.000
107.041667 107.083333   87.256  43.73   1.616  0.81 0.000
107.083333 107.125000   86.758  43.48   2.175  1.09 0.000
107.125000 107.166667   85.999  43.10   1.975  0.99 0.000
107.166667 107.208333   86.478  43.34   2.754  1.38 0.000
107.208333 107.250000   91.486  45.85   1.636  0.82 0.000
107.250000 107.291667   97.253  48.74   2.873  1.44 0.000
107.291667 107.333333   95.577  47.90   2.095  1.05 0.000
107.333333 107.375000   92.444  46.33   3.292  1.65 0.000
107.375000 107.416667   85.520  42.86   1.536  0.77 0.000
107.416667 107.458333   83.485  41.84   2.873  1.44 0.000
107.458333 107.500000   82.088  41.14   3.013  1.51 0.000
107.500000 107.541667   80.851  40.52   1.676  0.84 0.000
107.541667 107.583333   78.577  39.38   3.133  1.57 0.000
107.583333 107.625000   79.714  39.95   2.474  1.24 0.000
107.625000 107.666667   73.828  37.00   2.275  1.14 0.000
107.666667 107.708333   80.452  40.32   2.953  1.48 0.000
107.708333 107.750000   77.379  38.78   1.935  0.97 0.000
107.750000 107.791667   76.541  38.36   3.073  1.54 0.000
107.791667 107.833333   83.425  41.81   6.405  3.21 0.000
107.833333 107.875000   89.451  44.83   3.472  1.74 0.000
107.875000 107.916667   92.963  46.59   4.051  2.03 0.000
107.916667 107.958333   89.930  45.07   3.991  2.00 0.000
107.958333 108.000000   85.760  42.98   3.651  1.83 0.000
108.000000 108.041667   84.942  42.57   3.831  1.92 0.000
108.041667 108.083333   83.026  41.61   3.153  1.58 0.000
108.083333 108.125000   86.777  43.49   3.133  1.57 0.000
108.125000 108.166667   79.594  39.89   2.454  1.23 0.000
108.166667 108.208333   73.089  36.63   5.168  2.59 0.000
108.208333 108.250000   81.869  41.03   2.674  1.34 0.000
108.250000 108.291667   78.098  39.14   3.153  1.58 0.000
108.291667 108.333333   69.238  34.70   2.075  1.04 0.000
108.333333 108.375000   72.291  36.23   2.135  1.07 0.000
108.375000 108.416667   72.471  36.32   2.474  1.24 0.000
108.416667 108.458333   69.917  35.04   2.434  1.22 0.000
108.458333 108.500000   70.575  35.37   1.836  0.92 0.000
108.500000 108.541667   70.875  35.52   1.935  0.97 0.000
108.541667 108.583333   70.914  35.54   2.335  1.17 0.000
108.583333 108.625000   71.154  35.66   2.953  1.48 0.000
108.625000 108.666667   69.298  34.73   4.390  2.20 0.000
108.666667 108.708333   65.886  33.02   2.933  1.47 0.000
108.708333 108.750000   70.755  35.46   2.634  1.32 0.000
108.750000 108.791667   72.132  36.15   2.374  1.19 0.000
108.791667 108.833333   71.912  36.04   1.896  0.95 0.000
108.833333 108.875000   70.855  35.51   2.414  1.21 0.000
108.875000 108.916667   68.620  34.39   2.434  1.22 0.000
108.916667 108.958333   71.493  35.83   4.350  2.18 0.000
108.958333 109.000000   73.169  36.67   2.774  1.39 0.000
109.000000 109.041667   76.043  38.11   2.095  1.05 0.000
109.041667 109.083333   74.546  37.36   1.796  0.90 0.000
109.083333 109.125000   74.706  37.44   2.474  1.24 0.000
109.125000 109.166667   77.020  38.60   1.497  0.75 0.000
109.166667 109.208333   76.122  38.15   3.392  1.70 0.000
109.208333 109.250000   74.726  37.45   3.512  1.76 0.000
109.250000 109.291667   76.062  38.12   2.155  1.08 0.000
109.291667 109.333333   74.686  37.43   2.674  1.34 0.000
109.333333 109.375000   75.304  37.74   2.374  1.19 0.000
109.375000 109.416667   75.963  38.07   2.135  1.07 0.000
109.416667 109.458333   76.821  38.50   2.714  1.36 0.000
109.458333 109.500000   79.215  39.70   2.654  1.33 0.000
109.500000 109.541667   78.058  39.12   2.115  1.06 0.000
109.541667 109.583333   72.810  36.49   1.856  0.93 0.000
109.583333 109.625000   68.480  34.32   2.953  1.48 0.000
109.625000 109.666667   69.717  34.94   2.335  1.17 0.000
109.666667 109.708333   74.287  37.23   1.616  0.81 0.000
109.708333 109.750000   76.761  38.47   2.474  1.24 0.000
109.750000 109.791667   74.267  37.22   5.088  2.55 0.000
109.791667 109.833333   79.016  39.60   3.492  1.75 0.000
109.833333 109.875000   77.739  38.96   2.235  1.12 0.000
109.875000 109.916667   76.601  38.39   2.534  1.27 0.000
109.916667 109.958333   79.933  40.06   1.955  0.98 0.000
109.958333 110.000000   76.601  38.39   2.414  1.21 0.000
110.000000 110.041667   75.683  37.93   1.975  0.99 0.000
110.041667 110.083333   75.045  37.61   2.774  1.39 0.000
110.083333 110.125000   80.432  40.31   2.833  1.42 0.000
110.125000 110.166667   73.309  36.74   1.357  0.68 0.000
110.166667 110.208333   74.466  37.32   1.656  0.83 0.000
110.208333 110.250000   69.777  34.97   3.452  1.73 0.000
110.250000 110.291667   72.511  36.34   1.836  0.92 0.000
110.291667 110.333333   69.039  34.60   1.596  0.80 0.000
110.333333 110.375000   68.400  34.28   1.816  0.91 0.000
110.375000 110.416667   64.928  32.54   2.215  1.11 0.000
110.416667 110.458333   68.740  34.45   3.671  1.84 0.000
110.458333 110.500000   70.715  35.44   3.332  1.67 0.000
110.500000 110.541667   71.772  35.97   3.472  1.74 0.000
110.541667 110.583333   68.660  34.41   3.252  1.63 0.000
110.583333 110.625000   68.520  34.34   4.310  2.16 0.000
110.625000 110.666667   70.376  35.27   2.514  1.26 0.000
110.666667 110.708333   70.575  35.37   1.836  0.92 0.000
110.708333 110.750000   72.291  36.23   2.813  1.41 0.000
110.750000 110.791667   75.743  37.96   1.616  0.81 0.000
110.791667 110.833333   70.934  35.55   3.991  2.00 0.000
110.833333 110.875000   69.897  35.03   2.813  1.41 0.000
110.875000 110.916667   62.095  31.12   5.168  2.59 0.000
110.916667 110.958333   68.201  34.18   4.889  2.45 0.000
110.958333 111.000000   72.790  36.48   1.636  0.82 0.000
111.000000 111.041667   71.912  36.04   1.896  0.95 0.000
111.041667 111.083333   77.180  38.68   2.255  1.13 0.000
111.083333 111.125000   83.266  41.73   1.297  0.65 0.000
111.125000 111.166667   80.871  40.53   1.237  0.62 0.000
111.166667 111.208333   77.220  38.70   2.195  1.10 0.000
111.208333 111.250000   71.334  35.75   2.035  1.02 0.000
111.250000 111.291667   73.289  36.73   1.457  0.73 0.000
111.291667 111.333333   73.947  37.06   2.494  1.25 0.000
111.333333 111.375000   73.728  36.95   1.975  0.99 0.000
111.375000 111.416667   72.411  36.29   3.093  1.55 0.000
111.416667 111.458333   69.677  34.92   2.554  1.28 0.000
111.458333 111.500000   72.611  36.39   1.796  0.90 0.000
111.500000 111.541667   71.154  35.66   3.492  1.75 0.000
111.541667 111.583333   70.456  35.31   2.374  1.19 0.000
111.583333 111.625000   70.476  35.32   1.975  0.99 0.000
111.625000 111.666667   67.283  33.72   1.556  0.78 0.000
111.666667 111.708333   67.961  34.06   2.015  1.01 0.000
111.708333 111.750000   68.620  34.39   2.534  1.27 0.000
111.750000 111.791667   70.096  35.13   2.734  1.37 0.000
111.791667 111.833333   61.377  30.76   4.031  2.02 0.000
111.833333 111.875000   66.944  33.55   2.614  1.31 0.000
111.875000 111.916667   66.345  33.25   1.975  0.99 0.000
111.916667 111.958333   65.627  32.89   1.596  0.80 0.000
111.958333 112.000000   62.335  31.24   1.477  0.74 0.000
112.000000 112.041667   64.769  32.46   2.893  1.45 0.000
112.041667 112.083333   71.932  36.05   1.437  0.72 0.000
112.083333 112.125000   70.914  35.54   1.237  0.62 0.000
112.125000 112.166667   69.637  34.90   1.477  0.74 0.000
112.166667 112.208333   66.924  33.54   1.297  0.65 0.000
112.208333 112.250000   64.789  32.47   3.033  1.52 0.000
112.250000 112.291667   67.702  33.93   1.856  0.93 0.000
112.291667 112.333333   64.928  32.54   2.195  1.10 0.000
112.333333 112.375000   63.232  31.69   1.955  0.98 0.000
112.375000 112.416667   62.674  31.41   2.015  1.01 0.000
112.416667 112.458333   65.008  32.58   2.075  1.04 0.000
112.458333 112.500000   65.627  32.89   2.055  1.03 0.000
112.500000 112.541667   65.367  32.76   1.816  0.91 0.000
112.541667 112.583333   62.195  31.17   2.734  1.37 0.000
112.583333 112.625000   64.330  32.24   2.674  1.34 0.000
112.625000 112.666667   61.197  30.67   2.374  1.19 0.000
112.666667 112.708333   66.046  33.10   2.614  1.31 0.000
112.708333 112.750000   67.044  33.60   0.918  0.46 0.000
112.750000 112.791667   65.607  32.88   2.454  1.23 0.000
112.791667 112.833333   62.534  31.34   1.457  0.73 0.000
112.833333 112.875000   62.195  31.17   1.955  0.98 0.000
112.875000 112.916667   61.297  30.72   1.856  0.93 0.000
112.916667 112.958333   60.000  30.07   1.497  0.75 0.000
112.958333 113.000000   60.419  30.28   1.417  0.71 0.000
113.000000 113.041667   60.998  30.57   2.115  1.06 0.000
113.041667 113.083333   60.299  30.22   3.013  1.51 0.000
113.083333 113.125000   63.512  31.83   2.275  1.14 0.000
113.125000 113.166667   61.676  30.91   3.452  1.73 0.000
113.166667 113.208333   58.903  29.52   5.747  2.88 0.000
113.208333 113.250000   57.346  28.74   3.492  1.75 0.000
113.250000 113.291667   57.486  28.81   1.935  0.97 0.000
113.291667 113.333333   55.471  27.80   1.058  0.53 0.000
113.333333 113.375000   54.473  27.30   2.115  1.06 0.000
113.375000 113.416667   53.854  26.99   1.457  0.73 0.000
113.416667 113.458333   54.054  27.09   1.796  0.90 0.000
113.458333 113.500000   51.420  25.77   2.514  1.26 0.000
113.500000 113.541667   48.806  24.46   1.676  0.84 0.000
113.541667 113.583333   47.050  23.58   1.437  0.72 0.000
113.583333 113.625000   47.729  23.92   2.315  1.16 0.000
113.625000 113.666667   49.265  24.69   1.277  0.64 0.000
113.666667 113.708333   44.716  22.41   3.073  1.54 0.000
113.708333 113.750000   45.933  23.02   2.414  1.21 0.000
113.750000 113.791667   45.015  22.56   3.213  1.61 0.000
113.791667 113.833333   49.185  24.65   8.061  4.04 0.000
113.833333 113.875000   60.519  30.33   2.933  1.47 0.000
113.875000 113.916667   58.064  29.10   2.674  1.34 0.000
113.916667 113.958333   54.672  27.40   2.574  1.29 0.000
113.958333 114.000000   52.916  26.52   2.993  1.50 0.000
114.000000 114.041667   56.249  28.19   1.696  0.85 0.000
114.041667 114.083333   58.663  29.40   1.596  0.80 0.000
114.083333 114.125000   57.865  29.00   2.534  1.27 0.000
114.125000 114.166667   53.595  26.86   2.913  1.46 0.000
114.166667 114.208333   55.131  27.63   2.534  1.27 0.000
114.208333 114.250000   48.786  24.45   2.434  1.22 0.000
114.250000 114.291667   49.205  24.66   1.576  0.79 0.000
114.291667 114.333333   47.569  23.84   2.015  1.01 0.000
114.333333 114.375000   48.627  24.37   1.836  0.92 0.000
114.375000 114.416667   49.923  25.02   1.656  0.83 0.000
114.416667 114.458333   48.148  24.13   1.836  0.92 0.000
114.458333 114.500000   50.283  25.20   2.674  1.34 0.000
114.500000 114.541667   52.218  26.17   1.796  0.90 0.000
114.541667 114.583333   49.345  24.73   1.955  0.98 0.000
114.583333 114.625000   51.181  25.65   1.477  0.74 0.000
114.625000 114.666667   49.744  24.93   2.534  1.27 0.000
114.666667 114.708333   47.310  23.71   2.774  1.39 0.000
114.708333 114.750000   47.409  23.76   4.290  2.15 0.000
114.750000 114.791667   48.327  24.22   2.374  1.19 0.000
114.791667 114.833333   46.252  23.18   2.015  1.01 0.000
114.833333 114.875000   58.164  29.15   5.627  2.82 0.000
114.875000 114.916667   58.903  29.52   1.377  0.69 0.000
