data/ebas/o3/KE0001G.20180101000000.20201019094107.uv_abs.ozone.air.1y.1h.KE02L_TEI49C_no0330102716.KE02L_uv_abs.lev2.nas
74 1001
Oloo, Martin
KE02L, Kenya Meteorological Department, KMD, Mt. Kenya GAW Station, P.O. Box 192, , 10400, Nanyuki, Kenya
Steinbacher, Martin
GAW-WDCRG
1 1
2018 01 01 2020 10 19
0.041667
days from file reference point
6
1 1 1 1 1 1
999.999999 9999.999 999.99 999.999 99.99 9.999
end_time of measurement, days from the file reference point
ozone, ug/m3, Statistics=arithmetic mean, Volume std. temperature=293.15 K, Volume std. pressure=1013.25 hPa, Detection limit=1.995 ug/m3, Measurement uncertainty=1.995 ug/m3, Measurement uncertainty expl.=includes statistical uncertainty of individual sample and calibration uncertainty, QA1 bias=1.0 ug/m3, QA1 variability=2.0 ug/m3, "Comment=Data converted on import into EBAS from 'nmol/mol' to 'ug/m3' at 293.15 K, 1013.25 hPa, conversion factor 1.99534. Measurement uncertainty converted from '1.0 nmol/mol' to '1.995 ug/m3' at 293.15 K, 1013.25 hPa, conversion factor 1.99534."
ozone, nmol/mol, Statistics=arithmetic mean, Detection limit=1.0 nmol/mol, Measurement uncertainty=1.0 nmol/mol, Measurement uncertainty expl.=includes statistical uncertainty of individual sample and calibration uncertainty, QA1 bias=0.5 nmol/mol, QA1 variability=1.0 nmol/mol, "Comment=Data converted on import into EBAS from 'nmol/mol' to 'ug/m3' at 293.15 K, 1013.25 hPa, conversion factor 1.99534. Measurement uncertainty converted from '1.0 nmol/mol' to '1.995 ug/m3' at 293.15 K, 1013.25 hPa, conversion factor 1.99534. -- Data converted on export from EBAS from 'ug/m3' at 293.15 K, 1013.25 hPa to 'nmol/mol', conversion factor 0.5012. Measurement uncertainty converted from '1.995 ug/m3' at 293.15 K, 1013.25 hPa to '1.0 nmol/mol', conversion factor 0.5012. Detection limit converted from '1.995 ug/m3' at 293.15 K, 1013.25 hPa to '1.0 nmol/mol', conversion factor 0.5012. QA bias from '1.0 ug/m3' at 293.15 K, 1013.25 hPa to '0.5 nmol/mol', conversion factor 0.5012. QA variability from '2.0 ug/m3' at 293.15 K, 1013.25 hPa to '1.0 nmol/mol', conversion factor 0.5012."
ozone, ug/m3, Statistics=stddev, Volume std. temperature=293.15 K, Volume std. pressure=1013.25 hPa, Detection limit=1.995 ug/m3, QA1 bias=1.0 ug/m3, QA1 variability=2.0 ug/m3, "Comment=no comments -- Data converted on import into EBAS from 'nmol/mol' to 'ug/m3' at 293.15 K, 1013.25 hPa, conversion factor 1.99534. Detection limit converted from '1.0 nmol/mol' to '1.995 ug/m3' at 293.15 K, 1013.25 hPa, conversion factor 1.99534."
ozone, nmol/mol, Statistics=stddev, Detection limit=1.0 nmol/mol, QA1 bias=0.5 nmol/mol, QA1 variability=1.0 nmol/mol, "Comment=no comments -- Data converted on import into EBAS from 'nmol/mol' to 'ug/m3' at 293.15 K, 1013.25 hPa, conversion factor 1.99534. Detection limit converted from '1.0 nmol/mol' to '1.995 ug/m3' at 293.15 K, 1013.25 hPa, conversion factor 1.99534. -- Data converted on export from EBAS from 'ug/m3' at 293.15 K, 1013.25 hPa to 'nmol/mol', conversion factor 0.5012. Detection limit converted from '1.995 ug/m3' at 293.15 K, 1013.25 hPa to '1.0 nmol/mol', conversion factor 0.5012. QA bias from '1.0 ug/m3' at 293.15 K, 1013.25 hPa to '0.5 nmol/mol', conversion factor 0.5012. QA variability from '2.0 ug/m3' at 293.15 K, 1013.25 hPa to '1.0 nmol/mol', conversion factor 0.5012."
numflag, no unit
0
54
Data definition:              EBAS_1.1
[...]
Component:                    ozone
Matrix:                       air
Laboratory code:              KE02L
Instrument type:              uv_abs
Instrument name:              TEI49C_no0330102716
Instrument manufacturer:      Thermo
Instrument model:             49C
Instrument serial number:     0330102716
Method ref:                   KE02L_uv_abs
Standard method:              SOP=GAW_209(2013)
Inlet type:                   Hat or hood
Inlet description:            inlet approx. 1.7 m above the cabin and 4.5 m above the ground and is permanently flushed by a high volume pump; residence times is below 10 s; sample air is taken from the manifold through a 1.5 m, 4 mm diameter teflon tubing at a flow rate of 2 lpm.
Inlet tube material:          Teflon
Maintenance description:      inlet filter (47 mm teflon filter (5 micron)) changed every 2 months
Flow rate:                    2.0 l/min
Humidity/temperature control: None
Absorption cross section:     1.1476e-17 cm2
QA1 measure ID:               WCC Empa Site Audit
QA1 date:                     20191213
QA1 outcome:                  pass
Originator:                   Oloo, Martin, otienooloo60@gmail.com, Kenya Meteorological Department, KMD, Mt Kenya GAW Station, P. O. Box 30259, , 00100, Nairobi GPO, Kenya
Submitter:                    Steinbacher, Martin, martin.steinbacher@empa.ch, Swiss Federal Laboratories for Materials Science and Technology, Empa, Air Pollution/Environmental Technology, Ueberlandstrasse 129, , CH-8600, Duebendorf, Switzerland
Acknowledgement:              Request acknowledgement details from data originator
starttime endtime O3 O3 O3 O3 flag
[from data line 4690]
195.416667 195.458333   45.195  22.65   1.656  0.83 0.000
195.458333 195.500000   46.252  23.18   2.095  1.05 0.000
195.500000 195.541667   43.119  21.61   1.357  0.68 0.000
195.541667 195.583333   43.439  21.77   1.397  0.70 0.000
195.583333 195.625000   42.022  21.06   1.536  0.77 0.000
195.625000 195.666667   40.625  20.36   2.195  1.10 0.000
195.666667 195.708333   42.062  21.08   6.664  3.34 0.000
195.708333 195.750000   47.888  24.00   3.951  1.98 0.000
195.750000 195.791667   55.989  28.06   3.153  1.58 0.000
195.791667 195.833333   58.843  29.49   1.377  0.69 0.000
195.833333 195.875000   60.259  30.20   3.173  1.59 0.000
195.875000 195.916667   60.219  30.18   2.295  1.15 0.000
195.916667 195.958333   56.967  28.55   1.497  0.75 0.000
195.958333 196.000000   56.488  28.31   1.916  0.96 0.000
196.000000 196.041667   61.057  30.60   0.658  0.33 0.000
196.041667 196.083333   62.354  31.25   1.117  0.56 0.000
196.083333 196.125000   63.691  31.92   1.916  0.96 0.000
196.125000 196.166667   62.454  31.30   0.678  0.34 0.000
196.166667 196.208333   61.377  30.76   2.355  1.18 0.000
196.208333 196.250000   58.384  29.26   1.097  0.55 0.000
196.250000 196.291667   59.322  29.73   1.975  0.99 0.000
196.291667 196.333333   54.034  27.08   2.374  1.19 0.000
196.333333 196.375000   44.496  22.30   1.536  0.77 0.000
196.375000 196.416667   45.713  22.91   1.297  0.65 0.000
196.416667 196.458333   44.516  22.31   1.696  0.85 0.000
196.458333 196.500000   47.888  24.00   2.335  1.17 0.000
196.500000 196.541667   49.185  24.65   1.536  0.77 0.000
196.541667 196.583333   50.841  25.48   2.155  1.08 0.000
196.583333 196.625000   53.794  26.96   1.596  0.80 0.000
196.625000 196.666667   53.535  26.83   1.297  0.65 0.000
196.666667 196.708333   50.362  25.24   2.813  1.41 0.000
196.708333 196.750000   58.025  29.08   0.978  0.49 0.000
196.750000 196.791667   58.444  29.29   0.978  0.49 0.000
196.791667 196.833333   56.608  28.37   1.357  0.68 0.000
196.833333 196.875000   55.471  27.80   0.918  0.46 0.000
196.875000 196.916667   53.595  26.86   1.636  0.82 0.000
196.916667 196.958333   52.537  26.33   0.798  0.40 0.000
196.958333 197.000000   52.916  26.52   1.058  0.53 0.000
197.000000 197.041667   54.732  27.43   0.898  0.45 0.000
197.041667 197.083333   53.874  27.00   0.579  0.29 0.000
197.083333 197.125000   53.934  27.03   0.798  0.40 0.000
197.125000 197.166667   54.194  27.16   0.579  0.29 0.000
197.166667 197.208333   54.333  27.23   1.038  0.52 0.000
197.208333 197.250000   52.058  26.09   1.556  0.78 0.000
197.250000 197.291667   51.101  25.61   1.077  0.54 0.000
197.291667 197.333333   50.263  25.19   0.838  0.42 0.000
197.333333 197.375000   50.582  25.35   1.497  0.75 0.000
197.375000 197.416667   52.118  26.12   0.738  0.37 0.000
197.416667 197.458333   52.218  26.17   0.678  0.34 0.000
197.458333 197.500000   53.475  26.80   1.217  0.61 0.000
197.500000 197.541667   55.411  27.77   0.838  0.42 0.000
197.541667 197.583333   54.672  27.40   0.678  0.34 0.000
197.583333 197.625000   54.593  27.36   0.678  0.34 0.000
197.625000 197.666667   53.415  26.77   0.878  0.44 0.000
197.666667 197.708333   46.092  23.10   3.592  1.80 0.000
197.708333 197.750000   47.030  23.57   2.813  1.41 0.000
197.750000 197.791667   44.097  22.10   1.676  0.84 0.000
197.791667 197.833333   49.225  24.67   1.935  0.97 0.000
197.833333 197.875000   48.387  24.25   1.237  0.62 0.000
197.875000 197.916667   50.003  25.06   0.559  0.28 0.000
197.916667 197.958333   50.482  25.30   0.958  0.48 0.000
197.958333 198.000000   50.522  25.32   0.938  0.47 0.000
198.000000 198.041667   50.402  25.26   0.698  0.35 0.000
198.041667 198.083333   49.923  25.02   1.197  0.60 0.000
198.083333 198.125000   51.659  25.89   1.377  0.69 0.000
198.125000 198.166667   51.659  25.89   0.718  0.36 0.000
198.166667 198.208333   50.702  25.41   1.876  0.94 0.000
198.208333 198.250000   50.362  25.24   0.898  0.45 0.000
198.250000 198.291667   48.866  24.49   0.878  0.44 0.000
198.291667 198.333333   47.669  23.89   0.918  0.46 0.000
198.333333 198.375000   47.349  23.73   0.758  0.38 0.000
198.375000 198.416667   48.726  24.42   0.818  0.41 0.000
198.416667 198.458333   48.826  24.47   0.658  0.33 0.000
198.458333 198.500000   49.205  24.66   0.758  0.38 0.000
198.500000 198.541667   48.008  24.06   0.738  0.37 0.000
198.541667 198.583333   48.786  24.45   1.077  0.54 0.000
198.583333 198.625000   48.607  24.36   0.918  0.46 0.000
198.625000 198.666667   45.614  22.86   2.135  1.07 0.000
198.666667 198.708333   45.913  23.01   1.237  0.62 0.000
198.708333 198.750000   45.953  23.03   1.217  0.61 0.000
198.750000 198.791667   45.434  22.77   1.117  0.56 0.000
198.791667 198.833333   44.436  22.27   0.998  0.50 0.000
198.833333 198.875000   46.072  23.09   1.796  0.90 0.000
198.875000 198.916667   46.252  23.18   1.217  0.61 0.000
198.916667 198.958333   47.190  23.65   1.117  0.56 0.000
198.958333 199.000000   47.469  23.79   0.978  0.49 0.000
199.000000 199.041667   48.447  24.28   0.678  0.34 0.000
199.041667 199.083333   46.950  23.53   1.077  0.54 0.000
199.083333 199.125000   45.594  22.85   1.297  0.65 0.000
199.125000 199.166667   46.252  23.18   0.898  0.45 0.000
199.166667 199.208333   47.250  23.68   0.858  0.43 0.000
199.208333 199.250000   46.911  23.51   1.397  0.70 0.000
199.250000 199.291667   46.531  23.32   1.018  0.51 0.000
199.291667 199.333333   46.033  23.07   1.197  0.60 0.000
199.333333 199.375000   46.072  23.09   0.978  0.49 0.000
199.375000 199.416667   46.831  23.47   0.918  0.46 0.000
199.416667 199.458333   48.028  24.07   0.619  0.31 0.000
199.458333 199.500000   48.786  24.45   0.658  0.33 0.000
199.500000 199.541667   49.125  24.62   1.197  0.60 0.000
199.541667 199.583333   50.243  25.18   1.257  0.63 0.000
199.583333 199.625000   50.722  25.42   0.878  0.44 0.000
199.625000 199.666667   47.250  23.68   1.836  0.92 0.000
199.666667 199.708333   46.571  23.34   1.157  0.58 0.000
199.708333 199.750000   47.010  23.56   1.696  0.85 0.000
199.750000 199.791667   49.405  24.76   1.038  0.52 0.000
199.791667 199.833333   49.006  24.56   0.798  0.40 0.000
199.833333 199.875000   47.928  24.02   1.337  0.67 0.000
199.875000 199.916667   47.709  23.91   1.816  0.91 0.000
199.916667 199.958333   49.046  24.58   2.534  1.27 0.000
199.958333 200.000000   48.547  24.33   1.876  0.94 0.000
200.000000 200.041667   48.567  24.34   1.357  0.68 0.000
200.041667 200.083333   47.928  24.02   0.858  0.43 0.000
200.083333 200.125000   46.930  23.52   1.177  0.59 0.000
200.125000 200.166667   47.589  23.85   1.836  0.92 0.000
200.166667 200.208333   45.993  23.05   3.113  1.56 0.000
200.208333 200.250000   46.771  23.44   1.217  0.61 0.000
200.250000 200.291667   47.669  23.89   1.197  0.60 0.000
200.291667 200.333333   47.968  24.04   0.998  0.50 0.000
200.333333 200.375000   47.310  23.71   0.678  0.34 0.000
200.375000 200.416667   45.574  22.84   0.878  0.44 0.000
200.416667 200.458333   45.334  22.72   0.678  0.34 0.000
200.458333 200.500000   46.112  23.11   0.778  0.39 0.000
200.500000 200.541667   45.434  22.77   0.738  0.37 0.000
200.541667 200.583333   44.516  22.31   0.658  0.33 0.000
200.583333 200.625000   45.234  22.67   0.838  0.42 0.000
200.625000 200.666667   44.057  22.08   1.636  0.82 0.000
200.666667 200.708333   42.940  21.52   1.836  0.92 0.000
200.708333 200.750000   40.426  20.26   1.417  0.71 0.000
200.750000 200.791667   41.563  20.83   1.337  0.67 0.000
200.791667 200.833333   42.201  21.15   1.097  0.55 0.000
200.833333 200.875000   40.705  20.40   1.696  0.85 0.000
200.875000 200.916667   41.244  20.67   1.157  0.58 0.000
200.916667 200.958333   38.151  19.12   2.135  1.07 0.000
200.958333 201.000000   36.595  18.34   1.077  0.54 0.000
201.000000 201.041667   36.096  18.09   0.658  0.33 0.000
201.041667 201.083333   37.632  18.86   0.718  0.36 0.000
201.083333 201.125000   40.366  20.23   1.058  0.53 0.000
201.125000 201.166667   43.040  21.57   1.337  0.67 0.000
201.166667 201.208333   45.514  22.81   1.038  0.52 0.000
201.208333 201.250000   46.711  23.41   0.658  0.33 0.000
201.250000 201.291667   46.671  23.39   0.998  0.50 0.000
201.291667 201.333333   42.281  21.19   2.414  1.21 0.000
201.333333 201.375000   43.199  21.65   0.778  0.39 0.000
201.375000 201.416667   43.798  21.95   0.619  0.31 0.000
201.416667 201.458333   43.099  21.60   0.678  0.34 0.000
201.458333 201.500000   42.640  21.37   0.838  0.42 0.000
201.500000 201.541667   44.636  22.37   0.918  0.46 0.000
201.541667 201.583333   45.175  22.64   0.758  0.38 0.000
201.583333 201.625000   44.476  22.29   0.758  0.38 0.000
201.625000 201.666667   42.760  21.43   1.576  0.79 0.000
201.666667 201.708333   42.102  21.10   0.918  0.46 0.000
201.708333 201.750000   41.344  20.72   1.297  0.65 0.000
201.750000 201.791667   38.191  19.14   1.317  0.66 0.000
201.791667 201.833333   34.480  17.28   2.414  1.21 0.000
201.833333 201.875000   35.956  18.02   1.596  0.80 0.000
201.875000 201.916667   37.672  18.88   0.479  0.24 0.000
201.916667 201.958333   38.909  19.50   0.758  0.38 0.000
201.958333 202.000000   40.166  20.13   0.838  0.42 0.000
202.000000 202.041667   39.408  19.75   0.579  0.29 0.000
202.041667 202.083333   38.051  19.07   0.599  0.30 0.000
202.083333 202.125000   40.246  20.17   3.153  1.58 0.000
202.125000 202.166667   39.328  19.71   2.315  1.16 0.000
202.166667 202.208333   39.049  19.57   3.572  1.79 0.000
202.208333 202.250000   43.538  21.82   0.559  0.28 0.000
202.250000 202.291667   42.760  21.43   0.998  0.50 0.000
202.291667 202.333333   41.244  20.67   0.758  0.38 0.000
202.333333 202.375000   42.042  21.07   0.838  0.42 0.000
202.375000 202.416667   42.182  21.14   0.958  0.48 0.000
202.416667 202.458333   43.259  21.68   0.998  0.50 0.000
202.458333 202.500000   43.419  21.76   0.678  0.34 0.000
202.500000 202.541667   43.778  21.94   0.798  0.40 0.000
202.541667 202.583333   44.396  22.25   0.798  0.40 0.000
202.583333 202.625000   44.436  22.27   0.758  0.38 0.000
202.625000 202.666667   43.199  21.65   0.878  0.44 0.000
202.666667 202.708333   41.443  20.77   1.596  0.80 0.000
202.708333 202.750000   44.875  22.49   4.430  2.22 0.000
202.750000 202.791667   50.203  25.16   0.758  0.38 0.000
202.791667 202.833333   50.462  25.29   0.559  0.28 0.000
202.833333 202.875000   51.300  25.71   0.798  0.40 0.000
202.875000 202.916667   53.495  26.81   0.698  0.35 0.000
202.916667 202.958333   54.852  27.49   0.559  0.28 0.000
202.958333 203.000000   54.134  27.13   1.077  0.54 0.000
203.000000 203.041667   53.256  26.69   3.213  1.61 0.000
203.041667 203.083333   53.236  26.68   0.838  0.42 0.000
203.083333 203.125000   50.283  25.20   1.776  0.89 0.000
203.125000 203.166667   52.378  26.25   2.534  1.27 0.000
203.166667 203.208333   46.312  23.21   1.137  0.57 0.000
203.208333 203.250000   44.017  22.06   1.756  0.88 0.000
203.250000 203.291667   40.585  20.34   0.678  0.34 0.000
203.291667 203.333333   39.927  20.01   1.417  0.71 0.000
203.333333 203.375000   38.929  19.51   1.836  0.92 0.000
203.375000 203.416667   40.266  20.18   2.394  1.20 0.000
203.416667 203.458333   47.170  23.64   1.516  0.76 0.000
203.458333 203.500000   47.110  23.61   1.357  0.68 0.000
203.500000 203.541667   46.731  23.42   1.696  0.85 0.000
203.541667 203.583333   46.452  23.28   1.177  0.59 0.000
203.583333 203.625000   47.070  23.59   1.736  0.87 0.000
203.625000 203.666667   47.090  23.60   1.157  0.58 0.000
203.666667 203.708333   45.813  22.96   1.477  0.74 0.000
203.708333 203.750000   55.471  27.80   4.090  2.05 0.000
203.750000 203.791667   58.763  29.45   1.058  0.53 0.000
203.791667 203.833333   57.406  28.77   2.973  1.49 0.000
203.833333 203.875000   56.787  28.46   2.235  1.12 0.000
203.875000 203.916667   55.530  27.83   1.676  0.84 0.000
203.916667 203.958333   54.892  27.51   2.095  1.05 0.000
203.958333 204.000000   61.397  30.77   1.137  0.57 0.000
204.000000 204.041667   60.579  30.36   1.337  0.67 0.000
204.041667 204.083333   61.776  30.96   0.778  0.39 0.000
204.083333 204.125000   60.419  30.28   0.998  0.50 0.000
204.125000 204.166667   57.546  28.84   0.758  0.38 0.000
204.166667 204.208333   55.091  27.61   1.237  0.62 0.000
204.208333 204.250000   49.904  25.01   3.592  1.80 0.000
204.250000 204.291667   45.853  22.98   0.918  0.46 0.000
204.291667 204.333333   46.392  23.25   0.858  0.43 0.000
204.333333 204.375000   46.811  23.46   0.718  0.36 0.000
204.375000 204.416667   46.132  23.12   1.157  0.58 0.000
204.416667 204.458333   45.534  22.82   1.237  0.62 0.000
204.458333 204.500000   46.671  23.39   1.477  0.74 0.000
204.500000 204.541667   48.826  24.47   0.818  0.41 0.000
204.541667 204.583333   50.143  25.13   1.197  0.60 0.000
204.583333 204.625000   50.901  25.51   0.918  0.46 0.000
204.625000 204.666667   50.422  25.27   1.876  0.94 0.000
204.666667 204.708333   50.422  25.27   1.337  0.67 0.000
204.708333 204.750000   50.781  25.45   1.018  0.51 0.000
204.750000 204.791667   51.320  25.72   1.077  0.54 0.000
204.791667 204.833333   50.442  25.28   1.816  0.91 0.000
204.833333 204.875000   46.631  23.37   1.397  0.70 0.000
204.875000 204.916667   46.132  23.12   1.616  0.81 0.000
204.916667 204.958333   45.813  22.96   0.978  0.49 0.000
204.958333 205.000000   48.666  24.39   3.632  1.82 0.000
205.000000 205.041667   55.490  27.81   0.978  0.49 0.000
205.041667 205.083333   54.034  27.08   1.237  0.62 0.000
205.083333 205.125000   52.218  26.17   2.434  1.22 0.000
205.125000 205.166667   50.921  25.52   0.938  0.47 0.000
205.166667 205.208333   50.482  25.30   1.237  0.62 0.000
205.208333 205.250000 9999.999 999.99 999.999 99.99 0.999
205.250000 205.291667   48.008  24.06   1.077  0.54 0.000
205.291667 205.333333   47.629  23.87   2.335  1.17 0.000
205.333333 205.375000   47.349  23.73   1.397  0.70 0.000
205.375000 205.416667   47.788  23.95   1.077  0.54 0.000
205.416667 205.458333 9999.999 999.99 999.999 99.99 0.999
205.458333 205.500000 9999.999 999.99 999.999 99.99 0.999
205.500000 205.541667 9999.999 999.99 999.999 99.99 0.999
205.541667 205.583333 9999.999 999.99 999.999 99.99 0.999
205.583333 205.625000 9999.999 999.99 999.999 99.99 0.999
205.625000 205.666667 9999.999 999.99 999.999 99.99 0.999
205.666667 205.708333 9999.999 999.99 999.999 99.99 0.999
205.708333 205.750000 9999.999 999.99 999.999 99.99 0.999
205.750000 205.791667 9999.999 999.99 999.999 99.99 0.999
205.791667 205.833333 9999.999 999.99 999.999 99.99 0.999
205.833333 205.875000 9999.999 999.99 999.999 99.99 0.999
205.875000 205.916667 9999.999 999.99 999.999 99.99 0.999
205.916667 205.958333 9999.999 999.99 999.999 99.99 0.999
205.958333 206.000000 9999.999 999.99 999.999 99.99 0.999
206.000000 206.041667 9999.999 999.99 999.999 99.99 0.999
206.041667 206.083333 9999.999 999.99 999.999 99.99 0.999
206.083333 206.125000 9999.999 999.99 999.999 99.99 0.999
206.125000 206.166667 9999.999 999.99 999.999 99.99 0.999
206.166667 206.208333 9999.999 999.99 999.999 99.99 0.999
206.208333 206.250000 9999.999 999.99 999.999 99.99 0.999
206.250000 206.291667 9999.999 999.99 999.999 99.99 0.999
206.291667 206.333333 9999.999 999.99 999.999 99.99 0.999
206.333333 206.375000 9999.999 999.99 999.999 99.99 0.999
206.375000 206.416667 9999.999 999.99 999.999 99.99 0.999
206.416667 206.458333 9999.999 999.99 999.999 99.99 0.999
206.458333 206.500000 9999.999 999.99 999.999 99.99 0.999
206.500000 206.541667 9999.999 999.99 999.999 99.99 0.999
206.541667 206.583333 9999.999 999.99 999.999 99.99 0.999
206.583333 206.625000 9999.999 999.99 999.999 99.99 0.999
206.625000 206.666667 9999.999 999.99 999.999 99.99 0.999
206.666667 206.708333 9999.999 999.99 999.999 99.99 0.999
206.708333 206.750000 9999.999 999.99 999.999 99.99 0.999
206.750000 206.791667 9999.999 999.99 999.999 99.99 0.999
206.791667 206.833333 9999.999 999.99 999.999 99.99 0.999
206.833333 206.875000 9999.999 999.99 999.999 99.99 0.999
