data/ebas/o3/KE0001G.20180101000000.20201019094107.uv_abs.ozone.air.1y.1h.KE02L_TEI49C_no0330102716.KE02L_uv_abs.lev2.nas
74 1001
Oloo, Martin
KE02L, Kenya Meteorological Department, KMD, Mt. Kenya GAW Station, P.O. Box 192, , 10400, Nanyuki, Kenya
Steinbacher, Martin
GAW-WDCRG
1 1
2018 01 01 2020 10 19
0.041667
days from file reference point
6
1 1 1 1 1 1
999.999999 9999.999 999.99 999.999 99.99 9.999
end_time of measurement, days from the file reference point
ozone, ug/m3, Statistics=arithmetic mean, Volume std. temperature=293.15 K, Volume std. pressure=1013.25 hPa, Detection limit=1.995 ug/m3, Measurement uncertainty=1.995 ug/m3, Measurement uncertainty expl.=includes statistical uncertainty of individual sample and calibration uncertainty, QA1 bias=1.0 ug/m3, QA1 variability=2.0 ug/m3, "Comment=Data converted on import into EBAS from 'nmol/mol' to 'ug/m3' at 293.15 K, 1013.25 hPa, conversion factor 1.99534. Measurement uncertainty converted from '1.0 nmol/mol' to '1.995 ug/m3' at 293.15 K, 1013.25 hPa, conversion factor 1.99534."
ozone, nmol/mol, Statistics=arithmetic mean, Detection limit=1.0 nmol/mol, Measurement uncertainty=1.0 nmol/mol, Measurement uncertainty expl.=includes statistical uncertainty of individual sample and calibration uncertainty, QA1 bias=0.5 nmol/mol, QA1 variability=1.0 nmol/mol, "Comment=Data converted on import into EBAS from 'nmol/mol' to 'ug/m3' at 293.15 K, 1013.25 hPa, conversion factor 1.99534. Measurement uncertainty converted from '1.0 nmol/mol' to '1.995 ug/m3' at 293.15 K, 1013.25 hPa, conversion factor 1.99534. -- Data converted on export from EBAS from 'ug/m3' at 293.15 K, 1013.25 hPa to 'nmol/mol', conversion factor 0.5012. Measurement uncertainty converted from '1.995 ug/m3' at 293.15 K, 1013.25 hPa to '1.0 nmol/mol', conversion factor 0.5012. Detection limit converted from '1.995 ug/m3' at 293.15 K, 1013.25 hPa to '1.0 nmol/mol', conversion factor 0.5012. QA bias from '1.0 ug/m3' at 293.15 K, 1013.25 hPa to '0.5 nmol/mol', conversion factor 0.5012. QA variability from '2.0 ug/m3' at 293.15 K, 1013.25 hPa to '1.0 nmol/mol', conversion factor 0.5012."
ozone, ug/m3, Statistics=stddev, Volume std. temperature=293.15 K, Volume std. pressure=1013.25 hPa, Detection limit=1.995 ug/m3, QA1 bias=1.0 ug/m3, QA1 variability=2.0 ug/m3, "Comment=no comments -- Data converted on import into EBAS from 'nmol/mol' to 'ug/m3' at 293.15 K, 1013.25 hPa, conversion factor 1.99534. Detection limit converted from '1.0 nmol/mol' to '1.995 ug/m3' at 293.15 K, 1013.25 hPa, conversion factor 1.99534."
ozone, nmol/mol, Statistics=stddev, Detection limit=1.0 nmol/mol, QA1 bias=0.5 nmol/mol, QA1 variability=1.0 nmol/mol, "Comment=no comments -- Data converted on import into EBAS from 'nmol/mol' to 'ug/m3' at 293.15 K, 1013.25 hPa, conversion factor 1.99534. Detection limit converted from '1.0 nmol/mol' to '1.995 ug/m3' at 293.15 K, 1013.25 hPa, conversion factor 1.99534. -- Data converted on export from EBAS from 'ug/m3' at 293.15 K, 1013.25 hPa to 'nmol/mol', conversion factor 0.5012. Detection limit converted from '1.995 ug/m3' at 293.15 K, 1013.25 hPa to '1.0 nmol/mol', conversion factor 0.5012. QA bias from '1.0 ug/m3' at 293.15 K, 1013.25 hPa to '0.5 nmol/mol', conversion factor 0.5012. QA variability from '2.0 ug/m3' at 293.15 K, 1013.25 hPa to '1.0 nmol/mol', conversion factor 0.5012."
numflag, no unit
0
54
Data definition:              EBAS_1.1
[...]
Component:                    ozone
Matrix:                       air
Laboratory code:              KE02L
Instrument type:              uv_abs
Instrument name:              TEI49C_no0330102716
Instrument manufacturer:      Thermo
Instrument model:             49C
Instrument serial number:     0330102716
Method ref:                   KE02L_uv_abs
Standard method:              SOP=GAW_209(2013)
Inlet type:                   Hat or hood
Inlet description:            inlet approx. 1.7 m above the cabin and 4.5 m above the ground and is permanently flushed by a high volume pump; residence times is below 10 s; sample air is taken from the manifold through a 1.5 m, 4 mm diameter teflon tubing at a flow rate of 2 lpm.
Inlet tube material:          Teflon
Maintenance description:      inlet filter (47 mm teflon filter (5 micron)) changed every 2 months
Flow rate:                    2.0 l/min
Humidity/temperature control: None
Absorption cross section:     1.1476e-17 cm2
QA1 measure ID:               WCC Empa Site Audit
QA1 date:                     20191213
QA1 outcome:                  pass
Originator:                   Oloo, Martin, otienooloo60@gmail.com, Kenya Meteorological Department, KMD, Mt Kenya GAW Station, P. O. Box 30259, , 00100, Nairobi GPO, Kenya
Submitter:                    Steinbacher, Martin, martin.steinbacher@empa.ch, Swiss Federal Laboratories for Materials Science and Technology, Empa, Air Pollution/Environmental Technology, Ueberlandstrasse 129, , CH-8600, Duebendorf, Switzerland
Acknowledgement:              Request acknowledgement details from data originator
starttime endtime O3 O3 O3 O3 flag
[from data line 3587]
149.458333 149.500000 9999.999 999.99 999.999 99.99 0.999
149.500000 149.541667 9999.999 999.99 999.999 99.99 0.999
149.541667 149.583333 9999.999 999.99 999.999 99.99 0.999
149.583333 149.625000 9999.999 999.99 999.999 99.99 0.999
149.625000 149.666667 9999.999 999.99 999.999 99.99 0.999
149.666667 149.708333 9999.999 999.99 999.999 99.99 0.999
149.708333 149.750000 9999.999 999.99 999.999 99.99 0.999
149.750000 149.791667 9999.999 999.99 999.999 99.99 0.999
149.791667 149.833333   61.437  30.79   3.173  1.59 0.000
149.833333 149.875000   65.427  32.79   5.208  2.61 0.000
149.875000 149.916667   78.257  39.22   3.532  1.77 0.000
149.916667 149.958333   80.752  40.47   1.237  0.62 0.000
149.958333 150.000000   80.811  40.50   2.115  1.06 0.000
150.000000 150.041667   81.011  40.60   2.534  1.27 0.000
150.041667 150.083333   82.208  41.20   1.097  0.55 0.000
150.083333 150.125000   83.385  41.79   1.117  0.56 0.000
150.125000 150.166667   83.784  41.99   0.878  0.44 0.000
150.166667 150.208333   81.709  40.95   1.856  0.93 0.000
150.208333 150.250000   79.475  39.83   3.053  1.53 0.000
150.250000 150.291667   70.316  35.24   2.514  1.26 0.000
150.291667 150.333333   62.793  31.47   4.749  2.38 0.000
150.333333 150.375000   57.845  28.99   1.077  0.54 0.000
150.375000 150.416667   57.107  28.62   1.137  0.57 0.000
150.416667 150.458333   57.625  28.88   0.998  0.50 0.000
150.458333 150.500000   56.648  28.39   1.237  0.62 0.000
150.500000 150.541667   57.486  28.81   2.155  1.08 0.000
150.541667 150.583333   59.302  29.72   2.295  1.15 0.000
150.583333 150.625000   60.838  30.49   3.173  1.59 0.000
150.625000 150.666667   54.393  27.26   4.090  2.05 0.000
150.666667 150.708333   57.526  28.83   5.148  2.58 0.000
150.708333 150.750000   58.264  29.20   5.208  2.61 0.000
150.750000 150.791667   62.095  31.12   2.275  1.14 0.000
150.791667 150.833333   61.097  30.62   2.893  1.45 0.000
150.833333 150.875000   63.073  31.61   0.978  0.49 0.000
150.875000 150.916667   63.711  31.93   1.457  0.73 0.000
150.916667 150.958333   66.824  33.49   2.295  1.15 0.000
150.958333 151.000000   80.133  40.16   4.829  2.42 0.000
151.000000 151.041667   84.283  42.24   3.213  1.61 0.000
151.041667 151.083333   81.729  40.96   1.516  0.76 0.000
151.083333 151.125000   73.967  37.07   1.756  0.88 0.000
151.125000 151.166667   69.478  34.82   1.297  0.65 0.000
151.166667 151.208333   67.822  33.99   2.494  1.25 0.000
151.208333 151.250000   68.161  34.16   2.315  1.16 0.000
151.250000 151.291667   65.088  32.62   3.851  1.93 0.000
151.291667 151.333333   62.714  31.43   2.355  1.18 0.000
151.333333 151.375000   60.599  30.37   1.876  0.94 0.000
151.375000 151.416667   61.896  31.02   1.896  0.95 0.000
151.416667 151.458333   63.212  31.68   3.412  1.71 0.000
151.458333 151.500000 9999.999 999.99 999.999 99.99 0.999
151.500000 151.541667 9999.999 999.99 999.999 99.99 0.999
151.541667 151.583333 9999.999 999.99 999.999 99.99 0.999
151.583333 151.625000 9999.999 999.99 999.999 99.99 0.999
151.625000 151.666667 9999.999 999.99 999.999 99.99 0.999
151.666667 151.708333 9999.999 999.99 999.999 99.99 0.999
151.708333 151.750000 9999.999 999.99 999.999 99.99 0.999
151.750000 151.791667 9999.999 999.99 999.999 99.99 0.999
151.791667 151.833333 9999.999 999.99 999.999 99.99 0.999
151.833333 151.875000 9999.999 999.99 999.999 99.99 0.999
151.875000 151.916667 9999.999 999.99 999.999 99.99 0.999
151.916667 151.958333 9999.999 999.99 999.999 99.99 0.999
151.958333 152.000000 9999.999 999.99 999.999 99.99 0.999
152.000000 152.041667 9999.999 999.99 999.999 99.99 0.999
152.041667 152.083333 9999.999 999.99 999.999 99.99 0.999
152.083333 152.125000 9999.999 999.99 999.999 99.99 0.999
152.125000 152.166667 9999.999 999.99 999.999 99.99 0.999
152.166667 152.208333 9999.999 999.99 999.999 99.99 0.999
152.208333 152.250000 9999.999 999.99 999.999 99.99 0.999
152.250000 152.291667 9999.999 999.99 999.999 99.99 0.999
152.291667 152.333333 9999.999 999.99 999.999 99.99 0.999
152.333333 152.375000 9999.999 999.99 999.999 99.99 0.999
152.375000 152.416667 9999.999 999.99 999.999 99.99 0.999
152.416667 152.458333 9999.999 999.99 999.999 99.99 0.999
152.458333 152.500000 9999.999 999.99 999.999 99.99 0.999
152.500000 152.541667 9999.999 999.99 999.999 99.99 0.999
152.541667 152.583333 9999.999 999.99 999.999 99.99 0.999
152.583333 152.625000 9999.999 999.99 999.999 99.99 0.999
152.625000 152.666667   65.447  32.80   6.365  3.19 0.000
152.666667 152.708333   59.521  29.83   5.767  2.89 0.000
152.708333 152.750000   63.811  31.98   3.113  1.56 0.000
152.750000 152.791667   68.301  34.23   1.217  0.61 0.000
152.791667 152.833333   67.782  33.97   2.634  1.32 0.000
152.833333 152.875000   67.882  34.02   4.190  2.10 0.000
152.875000 152.916667   67.921  34.04   2.295  1.15 0.000
152.916667 152.958333   67.882  34.02   4.230  2.12 0.000
152.958333 153.000000   74.287  37.23   4.629  2.32 0.000
153.000000 153.041667   83.266  41.73   7.902  3.96 0.000
153.041667 153.083333   87.316  43.76   9.777  4.90 0.000
153.083333 153.125000   87.795  44.00   6.225  3.12 0.000
153.125000 153.166667   93.681  46.95   1.596  0.80 0.000
153.166667 153.208333   86.179  43.19   2.235  1.12 0.000
153.208333 153.250000   83.884  42.04   2.374  1.19 0.000
153.250000 153.291667   80.871  40.53   4.709  2.36 0.000
153.291667 153.333333   62.155  31.15   3.711  1.86 0.000
153.333333 153.375000   64.509  32.33   3.552  1.78 0.000
153.375000 153.416667   65.806  32.98   2.813  1.41 0.000
153.416667 153.458333   67.562  33.86   1.636  0.82 0.000
153.458333 153.500000   65.367  32.76   1.935  0.97 0.000
153.500000 153.541667   65.028  32.59   2.015  1.01 0.000
153.541667 153.583333   67.203  33.68   2.115  1.06 0.000
153.583333 153.625000   66.305  33.23   2.654  1.33 0.000
153.625000 153.666667   58.404  29.27   2.494  1.25 0.000
153.666667 153.708333   56.149  28.14   2.873  1.44 0.000
153.708333 153.750000   58.384  29.26   3.073  1.54 0.000
153.750000 153.791667   62.095  31.12   3.891  1.95 0.000
153.791667 153.833333   66.265  33.21   1.556  0.78 0.000
153.833333 153.875000   64.230  32.19   2.434  1.22 0.000
153.875000 153.916667   66.505  33.33   2.893  1.45 0.000
153.916667 153.958333   65.487  32.82   6.485  3.25 0.000
153.958333 154.000000   68.520  34.34   2.993  1.50 0.000
154.000000 154.041667   66.046  33.10   3.711  1.86 0.000
154.041667 154.083333   66.385  33.27   2.355  1.18 0.000
154.083333 154.125000   71.653  35.91   2.095  1.05 0.000
154.125000 154.166667   73.010  36.59   6.505  3.26 0.000
154.166667 154.208333   67.802  33.98   5.727  2.87 0.000
154.208333 154.250000   61.516  30.83   4.070  2.04 0.000
154.250000 154.291667   72.630  36.40   4.031  2.02 0.000
154.291667 154.333333   73.548  36.86   3.632  1.82 0.000
154.333333 154.375000   68.660  34.41   4.470  2.24 0.000
154.375000 154.416667   74.366  37.27   2.295  1.15 0.000
154.416667 154.458333   70.815  35.49   2.993  1.50 0.000
154.458333 154.500000 9999.999 999.99 999.999 99.99 0.999
154.500000 154.541667 9999.999 999.99 999.999 99.99 0.999
154.541667 154.583333 9999.999 999.99 999.999 99.99 0.999
154.583333 154.625000 9999.999 999.99 999.999 99.99 0.999
154.625000 154.666667 9999.999 999.99 999.999 99.99 0.999
154.666667 154.708333 9999.999 999.99 999.999 99.99 0.999
154.708333 154.750000 9999.999 999.99 999.999 99.99 0.999
154.750000 154.791667 9999.999 999.99 999.999 99.99 0.999
154.791667 154.833333 9999.999 999.99 999.999 99.99 0.999
154.833333 154.875000 9999.999 999.99 999.999 99.99 0.999
154.875000 154.916667 9999.999 999.99 999.999 99.99 0.999
154.916667 154.958333 9999.999 999.99 999.999 99.99 0.999
154.958333 155.000000 9999.999 999.99 999.999 99.99 0.999
155.000000 155.041667 9999.999 999.99 999.999 99.99 0.999
155.041667 155.083333 9999.999 999.99 999.999 99.99 0.999
155.083333 155.125000 9999.999 999.99 999.999 99.99 0.999
155.125000 155.166667 9999.999 999.99 999.999 99.99 0.999
155.166667 155.208333 9999.999 999.99 999.999 99.99 0.999
155.208333 155.250000 9999.999 999.99 999.999 99.99 0.999
155.250000 155.291667 9999.999 999.99 999.999 99.99 0.999
155.291667 155.333333 9999.999 999.99 999.999 99.99 0.999
155.333333 155.375000   77.798  38.99   3.372  1.69 0.000
155.375000 155.416667   76.062  38.12   1.896  0.95 0.000
155.416667 155.458333   71.872  36.02   3.592  1.80 0.000
155.458333 155.500000   70.835  35.50   1.975  0.99 0.000
155.500000 155.541667   70.875  35.52   2.594  1.30 0.000
155.541667 155.583333   71.852  36.01   2.374  1.19 0.000
155.583333 155.625000   73.868  37.02   1.716  0.86 0.000
155.625000 155.666667   72.471  36.32   2.813  1.41 0.000
155.666667 155.708333   68.221  34.19   3.252  1.63 0.000
155.708333 155.750000   69.498  34.83   4.569  2.29 0.000
155.750000 155.791667   65.507  32.83   3.232  1.62 0.000
155.791667 155.833333   65.766  32.96   3.113  1.56 0.000
155.833333 155.875000   67.103  33.63   1.995  1.00 0.000
155.875000 155.916667   66.824  33.49   3.372  1.69 0.000
155.916667 155.958333   68.680  34.42   7.642  3.83 0.000
155.958333 156.000000   90.269  45.24   2.474  1.24 0.000
156.000000 156.041667   91.327  45.77   1.955  0.98 0.000
156.041667 156.083333   93.382  46.80   2.075  1.04 0.000
156.083333 156.125000   85.540  42.87   4.190  2.10 0.000
156.125000 156.166667   84.682  42.44   2.374  1.19 0.000
156.166667 156.208333   84.862  42.53   2.634  1.32 0.000
156.208333 156.250000   81.031  40.61   5.966  2.99 0.000
156.250000 156.291667   74.267  37.22   3.232  1.62 0.000
156.291667 156.333333   76.821  38.50   3.711  1.86 0.000
156.333333 156.375000   77.399  38.79   4.150  2.08 0.000
156.375000 156.416667   73.947  37.06   2.614  1.31 0.000
156.416667 156.458333   70.056  35.11   1.916  0.96 0.000
156.458333 156.500000   72.710  36.44   2.414  1.21 0.000
156.500000 156.541667   72.730  36.45   2.913  1.46 0.000
156.541667 156.583333   74.426  37.30   2.474  1.24 0.000
156.583333 156.625000   68.281  34.22   2.514  1.26 0.000
156.625000 156.666667   67.004  33.58   4.310  2.16 0.000
156.666667 156.708333   67.662  33.91   4.270  2.14 0.000
156.708333 156.750000   69.997  35.08   2.993  1.50 0.000
156.750000 156.791667   67.482  33.82   4.549  2.28 0.000
156.791667 156.833333   70.456  35.31   4.031  2.02 0.000
156.833333 156.875000   72.172  36.17   2.315  1.16 0.000
156.875000 156.916667   77.180  38.68   4.390  2.20 0.000
156.916667 156.958333   81.051  40.62   1.417  0.71 0.000
156.958333 157.000000   74.686  37.43   2.155  1.08 0.000
157.000000 157.041667   74.327  37.25   2.295  1.15 0.000
157.041667 157.083333   75.424  37.80   1.836  0.92 0.000
157.083333 157.125000   73.069  36.62   2.534  1.27 0.000
157.125000 157.166667   75.643  37.91   2.734  1.37 0.000
157.166667 157.208333   73.888  37.03   3.332  1.67 0.000
157.208333 157.250000   66.385  33.27  15.185  7.61 0.000
157.250000 157.291667   66.086  33.12  12.870  6.45 0.000
157.291667 157.333333   69.198  34.68   2.774  1.39 0.000
157.333333 157.375000 9999.999 999.99 999.999 99.99 0.999
157.375000 157.416667 9999.999 999.99 999.999 99.99 0.999
157.416667 157.458333 9999.999 999.99 999.999 99.99 0.999
157.458333 157.500000 9999.999 999.99 999.999 99.99 0.999
157.500000 157.541667 9999.999 999.99 999.999 99.99 0.999
157.541667 157.583333 9999.999 999.99 999.999 99.99 0.999
157.583333 157.625000   60.619  30.38   2.195  1.10 0.000
157.625000 157.666667   61.257  30.70   8.939  4.48 0.000
157.666667 157.708333   70.236  35.20   5.846  2.93 0.000
157.708333 157.750000   69.079  34.62   6.724  3.37 0.000
157.750000 157.791667   75.803  37.99   2.654  1.33 0.000
157.791667 157.833333   77.978  39.08   1.477  0.74 0.000
157.833333 157.875000   77.699  38.94   1.377  0.69 0.000
157.875000 157.916667   77.838  39.01   1.117  0.56 0.000
157.916667 157.958333   78.537  39.36   0.978  0.49 0.000
157.958333 158.000000   78.557  39.37   0.958  0.48 0.000
158.000000 158.041667   80.472  40.33   2.494  1.25 0.000
158.041667 158.083333   86.418  43.31   1.217  0.61 0.000
158.083333 158.125000   84.662  42.43   1.357  0.68 0.000
158.125000 158.166667 9999.999 999.99 999.999 99.99 0.999
158.166667 158.208333   81.989  41.09   2.494  1.25 0.000
158.208333 158.250000   75.165  37.67   2.175  1.09 0.000
158.250000 158.291667   63.292  31.72   4.829  2.42 0.000
158.291667 158.333333   57.745  28.94   5.348  2.68 0.000
158.333333 158.375000   40.545  20.32   4.250  2.13 0.000
158.375000 158.416667   40.545  20.32   1.077  0.54 0.000
158.416667 158.458333   40.525  20.31   3.711  1.86 0.000
158.458333 158.500000   41.184  20.64   1.736  0.87 0.000
158.500000 158.541667   40.885  20.49   1.656  0.83 0.000
158.541667 158.583333   48.108  24.11   9.578  4.80 0.000
158.583333 158.625000   63.492  31.82   3.073  1.54 0.000
158.625000 158.666667   61.377  30.76   6.764  3.39 0.000
158.666667 158.708333   55.550  27.84   2.694  1.35 0.000
158.708333 158.750000   54.233  27.18   6.126  3.07 0.000
158.750000 158.791667   68.001  34.08   2.694  1.35 0.000
158.791667 158.833333   74.466  37.32   3.372  1.69 0.000
158.833333 158.875000   80.592  40.39   1.596  0.80 0.000
158.875000 158.916667   79.594  39.89   1.437  0.72 0.000
158.916667 158.958333   78.776  39.48   2.873  1.44 0.000
158.958333 159.000000   79.036  39.61   1.856  0.93 0.000
159.000000 159.041667   80.831  40.51   1.596  0.80 0.000
159.041667 159.083333   69.937  35.05  12.850  6.44 0.000
159.083333 159.125000   60.299  30.22  15.444  7.74 0.000
159.125000 159.166667   75.883  38.03   1.756  0.88 0.000
159.166667 159.208333   73.109  36.64   3.931  1.97 0.000
159.208333 159.250000   67.123  33.64   8.440  4.23 0.000
159.250000 159.291667   67.622  33.89   3.053  1.53 0.000
159.291667 159.333333   65.527  32.84   3.173  1.59 0.000
159.333333 159.375000   47.030  23.57   8.560  4.29 0.000
159.375000 159.416667   48.367  24.24  12.211  6.12 0.000
159.416667 159.458333   61.177  30.66   8.241  4.13 0.000
159.458333 159.500000   65.747  32.95   1.736  0.87 0.000
159.500000 159.541667   72.750  36.46   6.385  3.20 0.000
159.541667 159.583333   63.292  31.72   5.786  2.90 0.000
159.583333 159.625000   61.038  30.59   6.066  3.04 0.000
159.625000 159.666667   57.187  28.66   4.869  2.44 0.000
159.666667 159.708333   56.728  28.43   4.150  2.08 0.000
159.708333 159.750000   64.310  32.23   2.235  1.12 0.000
159.750000 159.791667   68.680  34.42   2.953  1.48 0.000
159.791667 159.833333   74.047  37.11   2.474  1.24 0.000
159.833333 159.875000   74.466  37.32   2.374  1.19 0.000
159.875000 159.916667   78.976  39.58   2.095  1.05 0.000
159.916667 159.958333   81.749  40.97   1.696  0.85 0.000
159.958333 160.000000   84.044  42.12   0.938  0.47 0.000
160.000000 160.041667   82.767  41.48   1.616  0.81 0.000
160.041667 160.083333   80.572  40.38   2.355  1.18 0.000
160.083333 160.125000   77.619  38.90   7.024  3.52 0.000
160.125000 160.166667   82.168  41.18   6.325  3.17 0.000
160.166667 160.208333   82.867  41.53   3.372  1.69 0.000
160.208333 160.250000   76.541  38.36   2.634  1.32 0.000
160.250000 160.291667   73.828  37.00   2.793  1.40 0.000
160.291667 160.333333   58.144  29.14  11.513  5.77 0.000
160.333333 160.375000   39.448  19.77   1.157  0.58 0.000
160.375000 160.416667   40.924  20.51   1.596  0.80 0.000
160.416667 160.458333   52.058  26.09  13.987  7.01 0.000
160.458333 160.500000 9999.999 999.99 999.999 99.99 0.999
160.500000 160.541667 9999.999 999.99 999.999 99.99 0.999
160.541667 160.583333 9999.999 999.99 999.999 99.99 0.999
160.583333 160.625000 9999.999 999.99 999.999 99.99 0.999
160.625000 160.666667 9999.999 999.99 999.999 99.99 0.999
160.666667 160.708333 9999.999 999.99 999.999 99.99 0.999
160.708333 160.750000   62.873  31.51   2.255  1.13 0.000
160.750000 160.791667   74.346  37.26   8.161  4.09 0.000
160.791667 160.833333   84.403  42.30   4.669  2.34 0.000
160.833333 160.875000   90.409  45.31   2.175  1.09 0.000
160.875000 160.916667   88.673  44.44   1.417  0.71 0.000
