data/ebas/o3/KE0001G.20180101000000.20201019094107.uv_abs.ozone.air.1y.1h.KE02L_TEI49C_no0330102716.KE02L_uv_abs.lev2.nas
74 1001
Oloo, Martin
KE02L, Kenya Meteorological Department, KMD, Mt. Kenya GAW Station, P.O. Box 192, , 10400, Nanyuki, Kenya
Steinbacher, Martin
GAW-WDCRG
1 1
2018 01 01 2020 10 19
0.041667
days from file reference point
6
1 1 1 1 1 1
999.999999 9999.999 999.99 999.999 99.99 9.999
end_time of measurement, days from the file reference point
ozone, ug/m3, Statistics=arithmetic mean, Volume std. temperature=293.15 K, Volume std. pressure=1013.25 hPa, Detection limit=1.995 ug/m3, Measurement uncertainty=1.995 ug/m3, Measurement uncertainty expl.=includes statistical uncertainty of individual sample and calibration uncertainty, QA1 bias=1.0 ug/m3, QA1 variability=2.0 ug/m3, "Comment=Data converted on import into EBAS from 'nmol/mol' to 'ug/m3' at 293.15 K, 1013.25 hPa, conversion factor 1.99534. Measurement uncertainty converted from '1.0 nmol/mol' to '1.995 ug/m3' at 293.15 K, 1013.25 hPa, conversion factor 1.99534."
ozone, nmol/mol, Statistics=arithmetic mean, Detection limit=1.0 nmol/mol, Measurement uncertainty=1.0 nmol/mol, Measurement uncertainty expl.=includes statistical uncertainty of individual sample and calibration uncertainty, QA1 bias=0.5 nmol/mol, QA1 variability=1.0 nmol/mol, "Comment=Data converted on import into EBAS from 'nmol/mol' to 'ug/m3' at 293.15 K, 1013.25 hPa, conversion factor 1.99534. Measurement uncertainty converted from '1.0 nmol/mol' to '1.995 ug/m3' at 293.15 K, 1013.25 hPa, conversion factor 1.99534. -- Data converted on export from EBAS from 'ug/m3' at 293.15 K, 1013.25 hPa to 'nmol/mol', conversion factor 0.5012. Measurement uncertainty converted from '1.995 ug/m3' at 293.15 K, 1013.25 hPa to '1.0 nmol/mol', conversion factor 0.5012. Detection limit converted from '1.995 ug/m3' at 293.15 K, 1013.25 hPa to '1.0 nmol/mol', conversion factor 0.5012. QA bias from '1.0 ug/m3' at 293.15 K, 1013.25 hPa to '0.5 nmol/mol', conversion factor 0.5012. QA variability from '2.0 ug/m3' at 293.15 K, 1013.25 hPa to '1.0 nmol/mol', conversion factor 0.5012."
ozone, ug/m3, Statistics=stddev, Volume std. temperature=293.15 K, Volume std. pressure=1013.25 hPa, Detection limit=1.995 ug/m3, QA1 bias=1.0 ug/m3, QA1 variability=2.0 ug/m3, "Comment=no comments -- Data converted on import into EBAS from 'nmol/mol' to 'ug/m3' at 293.15 K, 1013.25 hPa, conversion factor 1.99534. Detection limit converted from '1.0 nmol/mol' to '1.995 ug/m3' at 293.15 K, 1013.25 hPa, conversion factor 1.99534."
ozone, nmol/mol, Statistics=stddev, Detection limit=1.0 nmol/mol, QA1 bias=0.5 nmol/mol, QA1 variability=1.0 nmol/mol, "Comment=no comments -- Data converted on import into EBAS from 'nmol/mol' to 'ug/m3' at 293.15 K, 1013.25 hPa, conversion factor 1.99534. Detection limit converted from '1.0 nmol/mol' to '1.995 ug/m3' at 293.15 K, 1013.25 hPa, conversion factor 1.99534. -- Data converted on export from EBAS from 'ug/m3' at 293.15 K, 1013.25 hPa to 'nmol/mol', conversion factor 0.5012. Detection limit converted from '1.995 ug/m3' at 293.15 K, 1013.25 hPa to '1.0 nmol/mol', conversion factor 0.5012. QA bias from '1.0 ug/m3' at 293.15 K, 1013.25 hPa to '0.5 nmol/mol', conversion factor 0.5012. QA variability from '2.0 ug/m3' at 293.15 K, 1013.25 hPa to '1.0 nmol/mol', conversion factor 0.5012."
numflag, no unit
0
54
Data definition:              EBAS_1.1
[...]
Component:                    ozone
Matrix:                       air
Laboratory code:              KE02L
Instrument type:              uv_abs
Instrument name:              TEI49C_no0330102716
Instrument manufacturer:      Thermo
Instrument model:             49C
Instrument serial number:     0330102716
Method ref:                   KE02L_uv_abs
Standard method:              SOP=GAW_209(2013)
Inlet type:                   Hat or hood
Inlet description:            inlet approx. 1.7 m above the cabin and 4.5 m above the ground and is permanently flushed by a high volume pump; residence times is below 10 s; sample air is taken from the manifold through a 1.5 m, 4 mm diameter teflon tubing at a flow rate of 2 lpm.
Inlet tube material:          Teflon
Maintenance description:      inlet filter (47 mm teflon filter (5 micron)) changed every 2 months
Flow rate:                    2.0 l/min
Humidity/temperature control: None
Absorption cross section:     1.1476e-17 cm2
QA1 measure ID:               WCC Empa Site Audit
QA1 date:                     20191213
QA1 outcome:                  pass
Originator:                   Oloo, Martin, otienooloo60@gmail.com, Kenya Meteorological Department, KMD, Mt Kenya GAW Station, P. O. Box 30259, , 00100, Nairobi GPO, Kenya
Submitter:                    Steinbacher, Martin, martin.steinbacher@empa.ch, Swiss Federal Laboratories for Materials Science and Technology, Empa, Air Pollution/Environmental Technology, Ueberlandstrasse 129, , CH-8600, Duebendorf, Switzerland
Acknowledgement:              Request acknowledgement details from data originator
starttime endtime O3 O3 O3 O3 flag
[from data line 2759]
114.958333 115.000000   60.958  30.55   1.676  0.84 0.000
115.000000 115.041667   59.481  29.81   1.995  1.00 0.000
115.041667 115.083333   62.494  31.32   1.796  0.90 0.000
115.083333 115.125000   62.953  31.55   1.736  0.87 0.000
115.125000 115.166667   65.766  32.96   1.676  0.84 0.000
115.166667 115.208333   64.489  32.32   1.477  0.74 0.000
115.208333 115.250000   65.108  32.63   1.776  0.89 0.000
115.250000 115.291667   64.410  32.28   3.093  1.55 0.000
115.291667 115.333333   59.820  29.98   3.871  1.94 0.000
115.333333 115.375000 9999.999 999.99 999.999 99.99 0.999
115.375000 115.416667 9999.999 999.99 999.999 99.99 0.999
115.416667 115.458333 9999.999 999.99 999.999 99.99 0.999
115.458333 115.500000 9999.999 999.99 999.999 99.99 0.999
115.500000 115.541667 9999.999 999.99 999.999 99.99 0.999
115.541667 115.583333 9999.999 999.99 999.999 99.99 0.999
115.583333 115.625000   53.914  27.02   1.816  0.91 0.000
115.625000 115.666667   49.884  25.00   3.133  1.57 0.000
115.666667 115.708333   44.975  22.54   2.374  1.19 0.000
115.708333 115.750000   49.524  24.82   2.474  1.24 0.000
115.750000 115.791667   52.258  26.19   1.636  0.82 0.000
115.791667 115.833333   55.870  28.00   2.873  1.44 0.000
115.833333 115.875000   60.299  30.22   3.173  1.59 0.000
115.875000 115.916667   55.231  27.68   3.711  1.86 0.000
115.916667 115.958333   58.743  29.44   3.632  1.82 0.000
115.958333 116.000000   63.053  31.60   2.574  1.29 0.000
116.000000 116.041667   65.168  32.66   2.754  1.38 0.000
116.041667 116.083333   62.255  31.20   1.756  0.88 0.000
116.083333 116.125000   56.768  28.45   3.651  1.83 0.000
116.125000 116.166667   61.057  30.60   2.514  1.26 0.000
116.166667 116.208333   66.605  33.38   4.789  2.40 0.000
116.208333 116.250000   71.433  35.80   2.015  1.01 0.000
116.250000 116.291667   59.880  30.01   2.913  1.46 0.000
116.291667 116.333333 9999.999 999.99 999.999 99.99 0.999
116.333333 116.375000 9999.999 999.99 999.999 99.99 0.999
116.375000 116.416667 9999.999 999.99 999.999 99.99 0.999
116.416667 116.458333 9999.999 999.99 999.999 99.99 0.999
116.458333 116.500000   49.644  24.88   1.018  0.51 0.000
116.500000 116.541667   49.824  24.97   2.035  1.02 0.000
116.541667 116.583333   52.098  26.11   1.357  0.68 0.000
116.583333 116.625000   49.465  24.79   2.035  1.02 0.000
116.625000 116.666667   47.110  23.61   1.038  0.52 0.000
116.666667 116.708333   47.868  23.99   1.995  1.00 0.000
116.708333 116.750000   40.166  20.13   3.711  1.86 0.000
116.750000 116.791667   39.208  19.65   2.793  1.40 0.000
116.791667 116.833333   40.685  20.39   3.013  1.51 0.000
116.833333 116.875000   40.545  20.32   2.295  1.15 0.000
116.875000 116.916667   41.723  20.91   2.115  1.06 0.000
116.916667 116.958333   40.326  20.21   2.055  1.03 0.000
116.958333 117.000000   41.842  20.97   1.596  0.80 0.000
117.000000 117.041667   40.625  20.36   1.836  0.92 0.000
117.041667 117.083333   38.989  19.54   2.075  1.04 0.000
117.083333 117.125000   36.395  18.24   2.933  1.47 0.000
117.125000 117.166667   43.079  21.59   3.412  1.71 0.000
117.166667 117.208333   44.097  22.10   3.053  1.53 0.000
117.208333 117.250000   45.394  22.75   1.896  0.95 0.000
117.250000 117.291667   41.224  20.66   1.277  0.64 0.000
117.291667 117.333333   37.253  18.67   1.536  0.77 0.000
117.333333 117.375000   37.552  18.82   1.377  0.69 0.000
117.375000 117.416667   36.794  18.44   1.237  0.62 0.000
117.416667 117.458333   38.311  19.20   1.157  0.58 0.000
117.458333 117.500000   38.470  19.28   0.938  0.47 0.000
117.500000 117.541667   38.131  19.11   1.776  0.89 0.000
117.541667 117.583333   36.196  18.14   1.337  0.67 0.000
117.583333 117.625000   36.734  18.41   1.536  0.77 0.000
117.625000 117.666667   32.225  16.15   1.397  0.70 0.000
117.666667 117.708333   32.863  16.47   2.394  1.20 0.000
117.708333 117.750000   36.156  18.12   1.257  0.63 0.000
117.750000 117.791667   36.674  18.38   0.798  0.40 0.000
117.791667 117.833333   36.515  18.30   1.457  0.73 0.000
117.833333 117.875000   38.111  19.10   1.297  0.65 0.000
117.875000 117.916667   37.034  18.56   1.916  0.96 0.000
117.916667 117.958333   35.178  17.63   1.277  0.64 0.000
117.958333 118.000000   36.395  18.24   1.397  0.70 0.000
118.000000 118.041667   33.003  16.54   1.177  0.59 0.000
118.041667 118.083333   34.978  17.53   2.115  1.06 0.000
118.083333 118.125000   37.213  18.65   1.596  0.80 0.000
118.125000 118.166667   38.311  19.20   1.077  0.54 0.000
118.166667 118.208333   36.615  18.35   2.175  1.09 0.000
118.208333 118.250000   37.652  18.87   2.315  1.16 0.000
118.250000 118.291667   35.876  17.98   1.536  0.77 0.000
118.291667 118.333333   35.856  17.97   1.077  0.54 0.000
118.333333 118.375000   34.021  17.05   1.656  0.83 0.000
118.375000 118.416667   34.041  17.06   1.477  0.74 0.000
118.416667 118.458333   34.380  17.23   0.958  0.48 0.000
118.458333 118.500000   34.240  17.16   0.818  0.41 0.000
118.500000 118.541667   33.821  16.95   0.838  0.42 0.000
118.541667 118.583333   35.098  17.59   1.297  0.65 0.000
118.583333 118.625000   34.080  17.08   2.335  1.17 0.000
118.625000 118.666667   31.866  15.97   1.616  0.81 0.000
118.666667 118.708333   30.010  15.04   2.694  1.35 0.000
118.708333 118.750000   29.990  15.03   1.756  0.88 0.000
118.750000 118.791667   30.489  15.28   1.836  0.92 0.000
118.791667 118.833333   32.803  16.44   1.876  0.94 0.000
118.833333 118.875000   34.001  17.04   2.574  1.29 0.000
118.875000 118.916667   37.113  18.60   1.676  0.84 0.000
118.916667 118.958333   37.672  18.88   1.876  0.94 0.000
118.958333 119.000000   37.413  18.75   1.337  0.67 0.000
119.000000 119.041667   39.468  19.78   0.758  0.38 0.000
119.041667 119.083333   37.532  18.81   1.616  0.81 0.000
119.083333 119.125000   37.991  19.04   1.177  0.59 0.000
119.125000 119.166667   38.590  19.34   1.018  0.51 0.000
119.166667 119.208333   36.415  18.25   2.853  1.43 0.000
119.208333 119.250000   35.038  17.56   2.215  1.11 0.000
119.250000 119.291667   34.480  17.28   2.195  1.10 0.000
119.291667 119.333333   34.380  17.23   1.297  0.65 0.000
119.333333 119.375000   33.282  16.68   1.776  0.89 0.000
119.375000 119.416667   33.881  16.98   1.816  0.91 0.000
119.416667 119.458333   36.615  18.35   1.237  0.62 0.000
119.458333 119.500000   37.912  19.00   1.157  0.58 0.000
119.500000 119.541667   39.109  19.60   1.975  0.99 0.000
119.541667 119.583333   37.034  18.56   1.756  0.88 0.000
119.583333 119.625000   34.899  17.49   2.315  1.16 0.000
119.625000 119.666667   29.870  14.97   1.696  0.85 0.000
119.666667 119.708333   27.596  13.83   2.295  1.15 0.000
119.708333 119.750000   31.127  15.60   3.831  1.92 0.000
119.750000 119.791667   32.484  16.28   2.155  1.08 0.000
119.791667 119.833333   31.646  15.86   2.454  1.23 0.000
119.833333 119.875000   34.120  17.10   2.135  1.07 0.000
119.875000 119.916667   34.699  17.39   1.796  0.90 0.000
119.916667 119.958333   35.058  17.57   2.015  1.01 0.000
119.958333 120.000000   35.617  17.85   1.177  0.59 0.000
120.000000 120.041667   37.832  18.96   1.317  0.66 0.000
120.041667 120.083333   38.091  19.09   1.417  0.71 0.000
120.083333 120.125000   36.435  18.26   0.998  0.50 0.000
120.125000 120.166667   38.350  19.22   1.077  0.54 0.000
120.166667 120.208333   35.936  18.01   2.335  1.17 0.000
120.208333 120.250000   36.674  18.38   1.038  0.52 0.000
120.250000 120.291667   33.921  17.00   1.217  0.61 0.000
120.291667 120.333333   31.606  15.84   1.437  0.72 0.000
120.333333 120.375000   31.886  15.98   2.534  1.27 0.000
120.375000 120.416667   34.559  17.32   1.457  0.73 0.000
120.416667 120.458333   38.211  19.15   1.038  0.52 0.000
120.458333 120.500000   35.896  17.99   1.935  0.97 0.000
120.500000 120.541667   32.205  16.14   1.556  0.78 0.000
120.541667 120.583333   32.245  16.16   1.018  0.51 0.000
120.583333 120.625000   34.001  17.04   1.477  0.74 0.000
120.625000 120.666667   30.389  15.23   2.095  1.05 0.000
120.666667 120.708333   32.823  16.45   2.873  1.44 0.000
120.708333 120.750000   32.943  16.51   1.457  0.73 0.000
120.750000 120.791667   34.499  17.29   1.776  0.89 0.000
120.791667 120.833333   36.016  18.05   1.876  0.94 0.000
120.833333 120.875000   34.300  17.19   1.696  0.85 0.000
120.875000 120.916667   35.697  17.89   1.616  0.81 0.000
120.916667 120.958333   33.901  16.99   1.816  0.91 0.000
120.958333 121.000000   34.799  17.44   2.414  1.21 0.000
121.000000 121.041667   33.641  16.86   1.716  0.86 0.000
121.041667 121.083333   34.599  17.34   1.856  0.93 0.000
121.083333 121.125000   35.417  17.75   1.317  0.66 0.000
121.125000 121.166667   38.011  19.05   1.636  0.82 0.000
121.166667 121.208333   35.836  17.96   3.332  1.67 0.000
121.208333 121.250000   38.450  19.27   1.796  0.90 0.000
121.250000 121.291667   43.219  21.66   2.614  1.31 0.000
121.291667 121.333333   46.072  23.09   1.656  0.83 0.000
121.333333 121.375000   49.764  24.94   2.913  1.46 0.000
121.375000 121.416667   46.212  23.16   1.995  1.00 0.000
121.416667 121.458333   47.290  23.70   1.516  0.76 0.000
121.458333 121.500000   48.148  24.13   1.796  0.90 0.000
121.500000 121.541667   47.788  23.95   1.077  0.54 0.000
121.541667 121.583333   50.522  25.32   1.437  0.72 0.000
121.583333 121.625000   47.788  23.95   2.155  1.08 0.000
121.625000 121.666667   47.130  23.62   4.150  2.08 0.000
121.666667 121.708333   47.988  24.05   2.095  1.05 0.000
121.708333 121.750000   51.440  25.78   2.833  1.42 0.000
121.750000 121.791667   56.708  28.42   2.275  1.14 0.000
121.791667 121.833333   68.261  34.21   8.400  4.21 0.000
121.833333 121.875000   80.153  40.17   6.545  3.28 0.000
121.875000 121.916667   70.296  35.23   2.574  1.29 0.000
121.916667 121.958333   67.323  33.74   2.574  1.29 0.000
121.958333 122.000000   67.662  33.91   4.011  2.01 0.000
122.000000 122.041667   91.207  45.71   3.232  1.62 0.000
122.041667 122.083333   97.173  48.70   4.430  2.22 0.000
122.083333 122.125000  104.516  52.38   1.955  0.98 0.000
122.125000 122.166667   99.887  50.06   2.674  1.34 0.000
122.166667 122.208333   98.390  49.31   1.696  0.85 0.000
122.208333 122.250000   98.350  49.29   2.574  1.29 0.000
122.250000 122.291667   91.566  45.89   2.494  1.25 0.000
122.291667 122.333333   86.219  43.21   1.636  0.82 0.000
122.333333 122.375000   83.345  41.77   2.055  1.03 0.000
122.375000 122.416667   83.685  41.94   1.796  0.90 0.000
122.416667 122.458333   84.503  42.35   1.836  0.92 0.000
122.458333 122.500000   84.343  42.27   2.235  1.12 0.000
122.500000 122.541667   84.463  42.33   1.237  0.62 0.000
122.541667 122.583333   81.430  40.81   2.075  1.04 0.000
122.583333 122.625000   81.011  40.60   1.955  0.98 0.000
122.625000 122.666667   81.210  40.70   2.913  1.46 0.000
122.666667 122.708333   81.250  40.72   2.793  1.40 0.000
122.708333 122.750000   83.146  41.67   2.394  1.20 0.000
122.750000 122.791667   84.423  42.31   2.394  1.20 0.000
122.791667 122.833333   83.784  41.99   2.993  1.50 0.000
122.833333 122.875000   87.496  43.85   3.711  1.86 0.000
122.875000 122.916667   87.077  43.64   2.255  1.13 0.000
122.916667 122.958333   95.856  48.04   5.447  2.73 0.000
122.958333 123.000000   95.457  47.84   3.632  1.82 0.000
123.000000 123.041667   90.409  45.31   1.856  0.93 0.000
123.041667 123.083333   90.389  45.30   1.277  0.64 0.000
123.083333 123.125000   90.948  45.58   0.958  0.48 0.000
123.125000 123.166667   89.312  44.76   1.796  0.90 0.000
123.166667 123.208333   89.731  44.97   4.130  2.07 0.000
123.208333 123.250000  106.332  53.29   2.195  1.10 0.000
123.250000 123.291667  107.230  53.74   2.694  1.35 0.000
123.291667 123.333333  106.811  53.53   2.434  1.22 0.000
123.333333 123.375000  105.075  52.66   2.335  1.17 0.000
123.375000 123.416667  101.842  51.04   3.232  1.62 0.000
123.416667 123.458333  101.423  50.83   4.509  2.26 0.000
123.458333 123.500000  103.459  51.85   2.933  1.47 0.000
123.500000 123.541667   98.510  49.37   3.532  1.77 0.000
123.541667 123.583333   95.457  47.84   3.931  1.97 0.000
123.583333 123.625000   84.323  42.26   2.993  1.50 0.000
123.625000 123.666667   78.158  39.17   3.073  1.54 0.000
123.666667 123.708333   86.279  43.24   5.687  2.85 0.000
123.708333 123.750000   90.329  45.27   3.232  1.62 0.000
123.750000 123.791667   80.851  40.52   4.689  2.35 0.000
123.791667 123.833333   85.979  43.09   3.472  1.74 0.000
123.833333 123.875000   85.181  42.69   2.374  1.19 0.000
123.875000 123.916667   88.174  44.19   3.811  1.91 0.000
123.916667 123.958333   83.226  41.71   5.387  2.70 0.000
123.958333 124.000000   77.320  38.75   3.612  1.81 0.000
124.000000 124.041667   82.428  41.31   4.490  2.25 0.000
124.041667 124.083333   79.774  39.98   3.252  1.63 0.000
124.083333 124.125000   73.848  37.01   2.215  1.11 0.000
124.125000 124.166667   76.462  38.32   4.290  2.15 0.000
124.166667 124.208333   87.616  43.91   2.374  1.19 0.000
124.208333 124.250000   86.458  43.33   1.337  0.67 0.000
124.250000 124.291667   90.150  45.18   2.594  1.30 0.000
124.291667 124.333333   87.276  43.74   1.995  1.00 0.000
124.333333 124.375000   76.601  38.39   7.742  3.88 0.000
124.375000 124.416667   68.839  34.50   3.272  1.64 0.000
124.416667 124.458333   66.565  33.36   2.833  1.42 0.000
124.458333 124.500000   63.372  31.76   3.632  1.82 0.000
124.500000 124.541667   60.319  30.23   3.432  1.72 0.000
124.541667 124.583333   58.843  29.49   1.736  0.87 0.000
124.583333 124.625000   58.543  29.34   2.534  1.27 0.000
124.625000 124.666667   60.718  30.43   3.512  1.76 0.000
124.666667 124.708333   65.507  32.83   2.035  1.02 0.000
124.708333 124.750000   65.587  32.87   1.237  0.62 0.000
124.750000 124.791667   67.582  33.87   3.053  1.53 0.000
124.791667 124.833333   68.680  34.42   2.514  1.26 0.000
124.833333 124.875000   70.017  35.09   2.574  1.29 0.000
124.875000 124.916667   66.166  33.16   4.729  2.37 0.000
124.916667 124.958333   60.918  30.53   6.186  3.10 0.000
124.958333 125.000000   53.236  26.68   1.317  0.66 0.000
125.000000 125.041667   54.732  27.43   1.876  0.94 0.000
125.041667 125.083333   52.278  26.20   1.975  0.99 0.000
125.083333 125.125000   54.473  27.30   2.315  1.16 0.000
125.125000 125.166667   61.696  30.92   3.332  1.67 0.000
125.166667 125.208333   64.370  32.26   3.472  1.74 0.000
125.208333 125.250000   62.135  31.14   2.035  1.02 0.000
125.250000 125.291667   56.029  28.08   2.115  1.06 0.000
125.291667 125.333333   55.391  27.76   1.397  0.70 0.000
125.333333 125.375000   55.012  27.57   1.117  0.56 0.000
125.375000 125.416667   53.755  26.94   1.636  0.82 0.000
125.416667 125.458333   53.735  26.93   1.377  0.69 0.000
125.458333 125.500000   57.246  28.69   1.995  1.00 0.000
125.500000 125.541667   56.149  28.14   1.177  0.59 0.000
125.541667 125.583333   53.555  26.84   1.636  0.82 0.000
125.583333 125.625000   53.435  26.78   1.357  0.68 0.000
125.625000 125.666667   48.447  24.28   4.410  2.21 0.000
125.666667 125.708333   46.651  23.38   3.093  1.55 0.000
125.708333 125.750000   44.795  22.45   3.831  1.92 0.000
125.750000 125.791667   49.624  24.87   4.769  2.39 0.000
125.791667 125.833333   57.047  28.59   3.193  1.60 0.000
125.833333 125.875000   59.661  29.90   2.095  1.05 0.000
125.875000 125.916667   58.124  29.13   3.272  1.64 0.000
125.916667 125.958333   60.140  30.14   2.953  1.48 0.000
125.958333 126.000000   64.470  32.31   2.674  1.34 0.000
126.000000 126.041667   66.465  33.31   1.237  0.62 0.000
126.041667 126.083333   66.166  33.16   2.634  1.32 0.000
126.083333 126.125000   66.066  33.11   1.796  0.90 0.000
126.125000 126.166667   67.702  33.93   1.477  0.74 0.000
126.166667 126.208333   57.007  28.57   7.882  3.95 0.000
126.208333 126.250000   54.313  27.22   2.394  1.20 0.000
126.250000 126.291667   53.336  26.73   3.751  1.88 0.000
126.291667 126.333333   49.006  24.56   1.197  0.60 0.000
126.333333 126.375000   48.527  24.32   1.337  0.67 0.000
126.375000 126.416667   54.513  27.32   3.711  1.86 0.000
